-5	0.2411136134567871
-4.99875	0.2411136134567871
-4.9975	0.2431285258091681
-4.99625	0.2444718007107545
-4.995	0.245143438161548
-4.99375	0.2464867130631344
-4.9925	0.2474941692393252
-4.99125	0.2488374441409122
-4.99	0.2501807190424992
-4.98875	0.2505165377678973
-4.9875	0.2535389062964666
-4.98625	0.2538747250218634
-4.985	0.252531450120277
-4.98375	0.2495090815917049
-4.9825	0.247829987964722
-4.98125	0.243800163259961
-4.98	0.2411136134567883
-4.97875	0.2411136134567871
-4.9775	0.2431285258091675
-4.97625	0.2444718007107545
-4.975	0.2451434381615486
-4.97375	0.246486713063135
-4.9725	0.2474941692393252
-4.97125	0.2488374441409116
-4.97	0.2498449003171024
-4.96875	0.2505165377678959
-4.9675	0.2532030875710699
-4.96625	0.2538747250218628
-4.965	0.2525314501202764
-4.96375	0.2495090815917057
-4.9625	0.2478299879647227
-4.96125	0.2441359819853578
-4.96	0.2414494321821838
-4.95875	0.2411136134567871
-4.9575	0.2431285258091681
-4.95625	0.2444718007107545
-4.955	0.245143438161548
-4.95375	0.2464867130631344
-4.9525	0.2474941692393258
-4.95125	0.2488374441409122
-4.95	0.2498449003171024
-4.94875	0.2505165377678956
-4.9475	0.2532030875710699
-4.94625	0.2538747250218634
-4.945	0.2525314501202764
-4.94375	0.2495090815917049
-4.9425	0.247829987964722
-4.94125	0.2444718007107545
-4.94	0.2414494321821852
-4.93875	0.2411136134567871
-4.9375	0.2431285258091675
-4.93625	0.2444718007107545
-4.935	0.2451434381615486
-4.93375	0.246486713063135
-4.9325	0.2471583505139285
-4.93125	0.2485016254155148
-4.93	0.2495090815917057
-4.92875	0.2501807190424992
-4.9275	0.2528672688456731
-4.92625	0.2545463624726561
-4.925	0.2528672688456731
-4.92375	0.2495090815917057
-4.9225	0.2478299879647227
-4.92125	0.2441359819853565
-4.92	0.2414494321821838
-4.91875	0.2411136134567871
-4.9175	0.2431285258091666
-4.91625	0.2444718007107545
-4.915	0.245143438161548
-4.91375	0.246486713063135
-4.9125	0.2471583505139293
-4.91125	0.2488374441409122
-4.91	0.2501807190424992
-4.90875	0.2505165377678957
-4.9075	0.2532030875710699
-4.90625	0.2538747250218634
-4.905	0.2525314501202764
-4.90375	0.2498449003171015
-4.9025	0.247829987964722
-4.90125	0.2441359819853578
-4.9	0.241449432182185
-4.89875	0.2411136134567871
-4.8975	0.2431285258091675
-4.89625	0.2444718007107545
-4.895	0.2451434381615486
-4.89375	0.246486713063135
-4.8925	0.2471583505139285
-4.89125	0.2488374441409114
-4.89	0.2498449003171027
-4.88875	0.2505165377678959
-4.8875	0.2532030875710699
-4.88625	0.253874725021863
-4.885	0.2525314501202764
-4.88375	0.2495090815917057
-4.8825	0.247829987964722
-4.88125	0.2441359819853565
-4.88	0.2414494321821838
-4.87875	0.2411136134567871
-4.8775	0.2431285258091666
-4.87625	0.2444718007107545
-4.875	0.245143438161548
-4.87375	0.246486713063135
-4.8725	0.2474941692393258
-4.87125	0.2488374441409122
-4.87	0.2498449003171024
-4.86875	0.2505165377678956
-4.8675	0.2532030875710699
-4.86625	0.2538747250218634
-4.865	0.2525314501202764
-4.86375	0.2495090815917049
-4.8625	0.247829987964722
-4.86125	0.2444718007107545
-4.86	0.2414494321821852
-4.85875	0.241113613456788
-4.8575	0.2431285258091675
-4.85625	0.2444718007107545
-4.855	0.2451434381615477
-4.85375	0.246486713063135
-4.8525	0.2471583505139285
-4.85125	0.2488374441409122
-4.85	0.2498449003171027
-4.84875	0.2505165377678959
-4.8475	0.2532030875710699
-4.84625	0.253874725021863
-4.845	0.2525314501202764
-4.84375	0.2498449003171024
-4.8425	0.247829987964722
-4.84125	0.2444718007107531
-4.84	0.2414494321821838
-4.83875	0.2414494321821838
-4.8375	0.2431285258091667
-4.83625	0.2444718007107545
-4.835	0.245143438161548
-4.83375	0.246486713063135
-4.8325	0.2471583505139293
-4.83125	0.2488374441409122
-4.83	0.2498449003171024
-4.82875	0.2505165377678956
-4.8275	0.2532030875710702
-4.82625	0.2538747250218634
-4.825	0.2525314501202764
-4.82375	0.2495090815917071
-4.8225	0.247829987964722
-4.82125	0.2441359819853578
-4.82	0.2414494321821838
-4.81875	0.241113613456788
-4.8175	0.2431285258091675
-4.81625	0.2444718007107545
-4.815	0.2451434381615477
-4.81375	0.246486713063135
-4.8125	0.2471583505139285
-4.81125	0.2488374441409122
-4.81	0.2501807190424993
-4.80875	0.2505165377678959
-4.8075	0.2532030875710699
-4.80625	0.2542105437472597
-4.805	0.2525314501202764
-4.80375	0.2495090815917057
-4.8025	0.247829987964722
-4.80125	0.2441359819853565
-4.8	0.2414494321821838
-4.79875	0.2411136134567871
-4.7975	0.2431285258091666
-4.79625	0.2444718007107548
-4.795	0.245143438161548
-4.79375	0.246486713063135
-4.7925	0.2471583505139282
-4.79125	0.2488374441409122
-4.79	0.2498449003171024
-4.78875	0.2505165377678959
-4.7875	0.2532030875710703
-4.78625	0.2542105437472601
-4.785	0.2525314501202764
-4.78375	0.2495090815917071
-4.7825	0.247829987964722
-4.78125	0.2441359819853578
-4.78	0.2414494321821838
-4.77875	0.241113613456788
-4.7775	0.2431285258091675
-4.77625	0.2444718007107545
-4.775	0.2451434381615477
-4.77375	0.246486713063135
-4.7725	0.2471583505139285
-4.77125	0.2488374441409122
-4.77	0.2498449003171027
-4.76875	0.2505165377678959
-4.7675	0.2532030875710699
-4.76625	0.2542105437472597
-4.765	0.252531450120275
-4.76375	0.2495090815917057
-4.7625	0.247829987964722
-4.76125	0.2441359819853595
-4.76	0.2414494321821838
-4.75875	0.2411136134567871
-4.7575	0.2431285258091675
-4.75625	0.2444718007107548
-4.755	0.245143438161548
-4.75375	0.246486713063135
-4.7525	0.2471583505139282
-4.75125	0.2488374441409122
-4.75	0.2501807190424992
-4.74875	0.2505165377678959
-4.7475	0.2535389062964668
-4.74625	0.2538747250218634
-4.745	0.2525314501202764
-4.74375	0.2495090815917071
-4.7425	0.247829987964722
-4.74125	0.2444718007107545
-4.74	0.2414494321821838
-4.73875	0.241113613456788
-4.7375	0.2431285258091675
-4.73625	0.2444718007107545
-4.735	0.2451434381615477
-4.73375	0.2464867130631354
-4.7325	0.2474941692393252
-4.73125	0.2488374441409122
-4.73	0.249844900317102
-4.72875	0.2505165377678959
-4.7275	0.2532030875710699
-4.72625	0.2542105437472601
-4.725	0.2525314501202752
-4.72375	0.2498449003171024
-4.7225	0.247829987964722
-4.72125	0.244471800710756
-4.72	0.2414494321821838
-4.71875	0.2411136134567871
-4.7175	0.2431285258091675
-4.71625	0.2444718007107548
-4.715	0.245143438161548
-4.71375	0.246486713063135
-4.7125	0.2474941692393247
-4.71125	0.2488374441409122
-4.71	0.2501807190424992
-4.70875	0.2508523564932927
-4.7075	0.253538906296467
-4.70625	0.2542105437472601
-4.705	0.2528672688456731
-4.70375	0.2498449003171038
-4.7025	0.2478299879647204
-4.70125	0.2444718007107545
-4.7	0.2414494321821838
-4.69875	0.2411136134567872
-4.6975	0.2431285258091675
-4.69625	0.2444718007107545
-4.695	0.245143438161548
-4.69375	0.2464867130631354
-4.6925	0.2474941692393252
-4.69125	0.2488374441409122
-4.69	0.249844900317102
-4.68875	0.2505165377678959
-4.6875	0.2535389062964666
-4.68625	0.2542105437472601
-4.685	0.2525314501202752
-4.68375	0.2498449003171024
-4.6825	0.247829987964722
-4.68125	0.244471800710756
-4.68	0.2417852509075805
-4.67875	0.2414494321821838
-4.6775	0.2431285258091675
-4.67625	0.2448076194361514
-4.675	0.245143438161548
-4.67375	0.246486713063135
-4.6725	0.2474941692393247
-4.67125	0.2488374441409128
-4.67	0.2501807190424992
-4.66875	0.2505165377678959
-4.6675	0.2532030875710686
-4.66625	0.2538747250218634
-4.665	0.2525314501202764
-4.66375	0.2495090815917057
-4.6625	0.2478299879647204
-4.66125	0.2444718007107545
-4.66	0.2417852509075805
-4.65875	0.241449432182184
-4.6575	0.2434643445345643
-4.65625	0.2448076194361513
-4.655	0.2454792568869447
-4.65375	0.2464867130631353
-4.6525	0.2471583505139285
-4.65125	0.2488374441409122
-4.65	0.249844900317102
-4.64875	0.2501807190424992
-4.6475	0.2528672688456731
-4.64625	0.2538747250218634
-4.645	0.2528672688456717
-4.64375	0.2498449003171024
-4.6425	0.2481658066901187
-4.64125	0.2448076194361528
-4.64	0.2417852509075804
-4.63875	0.2414494321821838
-4.6375	0.2431285258091675
-4.63625	0.2444718007107539
-4.635	0.245143438161548
-4.63375	0.246486713063135
-4.6325	0.2474941692393252
-4.63125	0.2488374441409127
-4.63	0.2498449003171024
-4.62875	0.2505165377678959
-4.6275	0.2528672688456721
-4.62625	0.2535389062964666
-4.625	0.2525314501202764
-4.62375	0.2498449003171024
-4.6225	0.2481658066901172
-4.62125	0.2448076194361513
-4.62	0.242456888358374
-4.61875	0.2417852509075809
-4.6175	0.2434643445345643
-4.61625	0.2448076194361513
-4.615	0.245143438161548
-4.61375	0.2461508943377387
-4.6125	0.2471583505139285
-4.61125	0.2485016254155155
-4.61	0.2498449003171018
-4.60875	0.2501807190425004
-4.6075	0.2528672688456731
-4.60625	0.2535389062964666
-4.605	0.2525314501202768
-4.60375	0.2498449003171024
-4.6025	0.2481658066901187
-4.60125	0.2448076194361513
-4.6	0.2424568883583737
-4.59875	0.2417852509075805
-4.5975	0.2434643445345643
-4.59625	0.2448076194361506
-4.595	0.2454792568869447
-4.59375	0.246486713063135
-4.5925	0.2471583505139285
-4.59125	0.2488374441409127
-4.59	0.2498449003171024
-4.58875	0.2501807190424992
-4.5875	0.2528672688456719
-4.58625	0.2535389062964666
-4.585	0.2525314501202764
-4.58375	0.2498449003171024
-4.5825	0.2481658066901172
-4.58125	0.2448076194361513
-4.58	0.242456888358374
-4.57875	0.2421210696329775
-4.5775	0.2434643445345649
-4.57625	0.2448076194361513
-4.575	0.245143438161548
-4.57375	0.2461508943377378
-4.5725	0.2471583505139285
-4.57125	0.2485016254155155
-4.57	0.2498449003171024
-4.56875	0.2505165377678971
-4.5675	0.2532030875710699
-4.56625	0.2538747250218634
-4.565	0.252531450120277
-4.56375	0.2498449003171024
-4.5625	0.2481658066901187
-4.56125	0.2444718007107545
-4.56	0.2417852509075804
-4.55875	0.2414494321821838
-4.5575	0.2431285258091675
-4.55625	0.2444718007107539
-4.555	0.245143438161548
-4.55375	0.246486713063135
-4.5525	0.2471583505139285
-4.55125	0.2488374441409127
-4.55	0.2498449003171024
-4.54875	0.2505165377678959
-4.5475	0.2528672688456721
-4.54625	0.253538906296466
-4.545	0.2521956313948797
-4.54375	0.2498449003171024
-4.5425	0.2481658066901195
-4.54125	0.2448076194361513
-4.54	0.242456888358374
-4.53875	0.2417852509075805
-4.5375	0.2434643445345649
-4.53625	0.2448076194361513
-4.535	0.245143438161548
-4.53375	0.2464867130631344
-4.5325	0.2471583505139285
-4.53125	0.2485016254155155
-4.53	0.2495090815917057
-4.52875	0.2501807190425002
-4.5275	0.2525314501202764
-4.52625	0.2532030875710699
-4.525	0.2521956313948801
-4.52375	0.2495090815917057
-4.5225	0.2481658066901187
-4.52125	0.2448076194361513
-4.52	0.2424568883583739
-4.51875	0.2421210696329773
-4.5175	0.243800163259961
-4.51625	0.2448076194361508
-4.515	0.2451434381615486
-4.51375	0.246486713063135
-4.5125	0.2471583505139285
-4.51125	0.2485016254155148
-4.51	0.2495090815917057
-4.50875	0.2501807190424992
-4.5075	0.2525314501202764
-4.50625	0.2532030875710694
-4.505	0.2521956313948797
-4.50375	0.2495090815917057
-4.5025	0.2481658066901193
-4.50125	0.2448076194361513
-4.5	0.242456888358374
-4.49875	0.2421210696329773
-4.4975	0.2438001632599615
-4.49625	0.2448076194361513
-4.495	0.245143438161548
-4.49375	0.2461508943377378
-4.4925	0.2471583505139285
-4.49125	0.2485016254155155
-4.49	0.2495090815917057
-4.48875	0.2501807190425002
-4.4875	0.2525314501202764
-4.48625	0.2532030875710699
-4.485	0.2521956313948801
-4.48375	0.2498449003171017
-4.4825	0.2481658066901187
-4.48125	0.245143438161548
-4.48	0.2427927070837719
-4.47875	0.2421210696329773
-4.4775	0.243800163259961
-4.47625	0.2448076194361513
-4.475	0.2454792568869452
-4.47375	0.246486713063135
-4.4725	0.2471583505139285
-4.47125	0.2485016254155148
-4.47	0.2498449003171024
-4.46875	0.2501807190424992
-4.4675	0.2525314501202764
-4.46625	0.2542105437472595
-4.465	0.2528672688456731
-4.46375	0.2498449003171024
-4.4625	0.2481658066901195
-4.46125	0.2444718007107545
-4.46	0.2417852509075805
-4.45875	0.2414494321821838
-4.4575	0.2431285258091681
-4.45625	0.2444718007107545
-4.455	0.245143438161548
-4.45375	0.2464867130631344
-4.4525	0.2474941692393258
-4.45125	0.2488374441409122
-4.45	0.2498449003171024
-4.44875	0.2505165377678956
-4.4475	0.2532030875710699
-4.44625	0.2542105437472601
-4.445	0.2525314501202764
-4.44375	0.2495090815917049
-4.4425	0.247829987964722
-4.44125	0.2441359819853578
-4.44	0.2417852509075816
-4.43875	0.2411136134567871
-4.4375	0.2431285258091675
-4.43625	0.2444718007107545
-4.435	0.2451434381615486
-4.43375	0.246486713063135
-4.4325	0.2474941692393252
-4.43125	0.2488374441409116
-4.43	0.2498449003171024
-4.42875	0.2505165377678959
-4.4275	0.2532030875710699
-4.42625	0.2542105437472593
-4.425	0.2525314501202764
-4.42375	0.2498449003171024
-4.4225	0.2478299879647229
-4.42125	0.2444718007107533
-4.42	0.2417852509075805
-4.41875	0.2411136134567871
-4.4175	0.2431285258091666
-4.41625	0.2444718007107545
-4.415	0.245143438161548
-4.41375	0.246486713063135
-4.4125	0.2474941692393258
-4.41125	0.2488374441409122
-4.41	0.2498449003171024
-4.40875	0.250180719042499
-4.4075	0.2525314501202764
-4.40625	0.2532030875710699
-4.405	0.2518598126694829
-4.40375	0.2495090815917051
-4.4025	0.2481658066901187
-4.40125	0.245143438161548
-4.4	0.2427927070837719
-4.39875	0.2427927070837708
-4.3975	0.2431285258091675
-4.39625	0.2448076194361513
-4.395	0.2451434381615486
-4.39375	0.246486713063135
-4.3925	0.2471583505139285
-4.39125	0.2488374441409114
-4.39	0.2498449003171027
-4.38875	0.2505165377678959
-4.3875	0.2525314501202764
-4.38625	0.2532030875710695
-4.385	0.2521956313948797
-4.38375	0.2495090815917057
-4.3825	0.2481658066901187
-4.38125	0.2451434381615471
-4.38	0.2431285258091675
-4.37875	0.242456888358374
-4.3775	0.244135981985357
-4.37625	0.245143438161548
-4.375	0.2454792568869447
-4.37375	0.246486713063135
-4.3725	0.2471583505139291
-4.37125	0.2485016254155155
-4.37	0.2495090815917057
-4.36875	0.2498449003171023
-4.3675	0.2525314501202764
-4.36625	0.2532030875710699
-4.365	0.2521956313948797
-4.36375	0.2495090815917051
-4.3625	0.2481658066901187
-4.36125	0.245143438161548
-4.36	0.2427927070837719
-4.35875	0.2424568883583746
-4.3575	0.243800163259961
-4.35625	0.2448076194361513
-4.355	0.2454792568869444
-4.35375	0.246486713063135
-4.3525	0.2471583505139285
-4.35125	0.2485016254155155
-4.35	0.249509081591706
-4.34875	0.2501807190424992
-4.3475	0.2525314501202764
-4.34625	0.2532030875710695
-4.345	0.2521956313948797
-4.34375	0.2495090815917057
-4.3425	0.2481658066901187
-4.34125	0.2448076194361502
-4.34	0.242456888358374
-4.33875	0.2421210696329773
-4.3375	0.2438001632599602
-4.33625	0.2448076194361513
-4.335	0.2454792568869447
-4.33375	0.246486713063135
-4.3325	0.2471583505139291
-4.33125	0.2485016254155155
-4.33	0.2495090815917057
-4.32875	0.2501807190424988
-4.3275	0.2528672688456736
-4.32625	0.2538747250218634
-4.325	0.2528672688456731
-4.32375	0.2498449003171038
-4.3225	0.2481658066901187
-4.32125	0.2444718007107545
-4.32	0.2421210696329773
-4.31875	0.2414494321821846
-4.3175	0.2431285258091675
-4.31625	0.2444718007107545
-4.315	0.2451434381615477
-4.31375	0.246486713063135
-4.3125	0.2474941692393252
-4.31125	0.2488374441409122
-4.31	0.2498449003171027
-4.30875	0.2505165377678959
-4.3075	0.2532030875710699
-4.30625	0.253874725021863
-4.305	0.2525314501202764
-4.30375	0.2498449003171024
-4.3025	0.2481658066901187
-4.30125	0.24480761943615
-4.3	0.2421210696329773
-4.29875	0.2417852509075805
-4.2975	0.2434643445345635
-4.29625	0.2448076194361514
-4.295	0.245143438161548
-4.29375	0.2461508943377382
-4.2925	0.247158350513928
-4.29125	0.2485016254155155
-4.29	0.2498449003171024
-4.28875	0.2505165377678959
-4.2875	0.2532030875710703
-4.28625	0.2542105437472601
-4.285	0.2525314501202764
-4.28375	0.2501807190425002
-4.2825	0.247829987964722
-4.28125	0.2444718007107545
-4.28	0.2417852509075805
-4.27875	0.241113613456788
-4.2775	0.2431285258091675
-4.27625	0.2444718007107545
-4.275	0.2451434381615477
-4.27375	0.246486713063135
-4.2725	0.2474941692393252
-4.27125	0.2488374441409122
-4.27	0.2498449003171027
-4.26875	0.2505165377678959
-4.2675	0.2532030875710699
-4.26625	0.253874725021863
-4.265	0.2528672688456717
-4.26375	0.2498449003171024
-4.2625	0.247829987964722
-4.26125	0.244471800710756
-4.26	0.2414494321821838
-4.25875	0.2411136134567871
-4.2575	0.2431285258091675
-4.25625	0.2444718007107548
-4.255	0.245143438161548
-4.25375	0.246486713063135
-4.2525	0.2474941692393247
-4.25125	0.2488374441409122
-4.25	0.2501807190424992
-4.24875	0.2505165377678959
-4.2475	0.2532030875710702
-4.24625	0.2538747250218634
-4.245	0.2528672688456731
-4.24375	0.2498449003171038
-4.2425	0.247829987964722
-4.24125	0.2444718007107545
-4.24	0.2414494321821838
-4.23875	0.241113613456788
-4.2375	0.2431285258091675
-4.23625	0.2444718007107545
-4.235	0.2451434381615477
-4.23375	0.2464867130631353
-4.2325	0.2471583505139285
-4.23125	0.2488374441409122
-4.23	0.249844900317102
-4.22875	0.2505165377678959
-4.2275	0.2532030875710699
-4.22625	0.2542105437472601
-4.225	0.2528672688456717
-4.22375	0.2498449003171024
-4.2225	0.247829987964722
-4.22125	0.2441359819853595
-4.22	0.2417852509075805
-4.21875	0.2414494321821838
-4.2175	0.2431285258091675
-4.21625	0.2448076194361514
-4.215	0.245143438161548
-4.21375	0.246486713063135
-4.2125	0.2474941692393247
-4.21125	0.2488374441409122
-4.21	0.2501807190424992
-4.20875	0.2505165377678959
-4.2075	0.2532030875710702
-4.20625	0.2538747250218634
-4.205	0.2525314501202764
-4.20375	0.2498449003171037
-4.2025	0.2478299879647204
-4.20125	0.2444718007107545
-4.2	0.2417852509075805
-4.19875	0.2411136134567874
-4.1975	0.2431285258091675
-4.19625	0.2444718007107545
-4.195	0.245143438161548
-4.19375	0.2464867130631354
-4.1925	0.2474941692393252
-4.19125	0.2488374441409122
-4.19	0.2501807190424986
-4.18875	0.2505165377678959
-4.1875	0.2532030875710699
-4.18625	0.2542105437472601
-4.185	0.2525314501202752
-4.18375	0.2498449003171024
-4.1825	0.247829987964722
-4.18125	0.244471800710756
-4.18	0.2417852509075805
-4.17875	0.2414494321821838
-4.1775	0.2431285258091675
-4.17625	0.244471800710755
-4.175	0.2454792568869447
-4.17375	0.246486713063135
-4.1725	0.2474941692393247
-4.17125	0.2488374441409127
-4.17	0.2498449003171024
-4.16875	0.2505165377678959
-4.1675	0.2528672688456721
-4.16625	0.2535389062964666
-4.165	0.2521956313948797
-4.16375	0.2498449003171024
-4.1625	0.2481658066901172
-4.16125	0.2448076194361513
-4.16	0.242456888358374
-4.15875	0.2421210696329775
-4.1575	0.2427927070837708
-4.15625	0.2444718007107545
-4.155	0.245143438161548
-4.15375	0.2464867130631354
-4.1525	0.2474941692393252
-4.15125	0.2488374441409122
-4.15	0.249844900317102
-4.14875	0.2505165377678959
-4.1475	0.2535389062964666
-4.14625	0.2542105437472601
-4.145	0.2528672688456717
-4.14375	0.2498449003171024
-4.1425	0.247829987964722
-4.14125	0.244471800710756
-4.14	0.2417852509075802
-4.13875	0.2411136134567871
-4.1375	0.2431285258091675
-4.13625	0.2444718007107539
-4.135	0.245143438161548
-4.13375	0.246486713063135
-4.1325	0.2474941692393252
-4.13125	0.2488374441409128
-4.13	0.2501807190424992
-4.12875	0.2505165377678959
-4.1275	0.2532030875710686
-4.12625	0.2542105437472601
-4.125	0.2528672688456731
-4.12375	0.2498449003171024
-4.1225	0.2478299879647204
-4.12125	0.2444718007107545
-4.12	0.2417852509075805
-4.11875	0.241449432182184
-4.1175	0.2431285258091675
-4.11625	0.2448076194361513
-4.115	0.245143438161548
-4.11375	0.2464867130631354
-4.1125	0.2474941692393252
-4.11125	0.2488374441409122
-4.11	0.2501807190424986
-4.10875	0.2505165377678971
-4.1075	0.2532030875710699
-4.10625	0.2542105437472601
-4.105	0.2528672688456737
-4.10375	0.2498449003171024
-4.1025	0.2481658066901187
-4.10125	0.2444718007107545
-4.1	0.2417852509075804
-4.09875	0.2414494321821838
-4.0975	0.2431285258091675
-4.09625	0.2448076194361505
-4.095	0.245143438161548
-4.09375	0.246486713063135
-4.0925	0.2474941692393252
-4.09125	0.2488374441409128
-4.09	0.2501807190424992
-4.08875	0.2505165377678959
-4.0875	0.2532030875710686
-4.08625	0.2542105437472601
-4.085	0.2528672688456731
-4.08375	0.2498449003171024
-4.0825	0.2478299879647204
-4.08125	0.2444718007107545
-4.08	0.2417852509075805
-4.07875	0.2411136134567874
-4.0775	0.2431285258091681
-4.07625	0.2444718007107545
-4.075	0.245143438161548
-4.07375	0.2464867130631344
-4.0725	0.2474941692393252
-4.07125	0.2488374441409122
-4.07	0.2498449003171024
-4.06875	0.2505165377678971
-4.0675	0.2532030875710699
-4.06625	0.2538747250218634
-4.065	0.2521956313948804
-4.06375	0.2495090815917057
-4.0625	0.2481658066901187
-4.06125	0.2448076194361513
-4.06	0.2424568883583736
-4.05875	0.2414494321821838
-4.0575	0.2431285258091675
-4.05625	0.2444718007107539
-4.055	0.245143438161548
-4.05375	0.246486713063135
-4.0525	0.2474941692393252
-4.05125	0.2488374441409128
-4.05	0.2501807190424992
-4.04875	0.2508523564932927
-4.0475	0.2532030875710688
-4.04625	0.2542105437472595
-4.045	0.2528672688456731
-4.04375	0.2498449003171024
-4.0425	0.2481658066901195
-4.04125	0.2444718007107545
-4.04	0.2417852509075805
-4.03875	0.2411136134567871
-4.0375	0.2431285258091681
-4.03625	0.2444718007107545
-4.035	0.245143438161548
-4.03375	0.2464867130631344
-4.0325	0.2474941692393252
-4.03125	0.2488374441409122
-4.03	0.2498449003171024
-4.02875	0.2505165377678971
-4.0275	0.2532030875710699
-4.02625	0.2542105437472601
-4.025	0.2525314501202772
-4.02375	0.2495090815917057
-4.0225	0.247829987964722
-4.02125	0.2448076194361513
-4.02	0.2424568883583737
-4.01875	0.2417852509075805
-4.0175	0.2434643445345643
-4.01625	0.2441359819853575
-4.015	0.2451434381615485
-4.01375	0.2461508943377382
-4.0125	0.2471583505139285
-4.01125	0.2488374441409114
-4.01	0.2498449003171024
-4.00875	0.2505165377678959
-4.0075	0.2532030875710699
-4.00625	0.2542105437472593
-4.005	0.2525314501202764
-4.00375	0.2495090815917057
-4.0025	0.2478299879647227
-4.00125	0.2448076194361513
-4	0.2421210696329773
-3.99875	0.2417852509075805
-3.9975	0.2434643445345643
-3.99625	0.2448076194361513
-3.995	0.245143438161548
-3.99375	0.246486713063135
-3.9925	0.2471583505139285
-3.99125	0.2485016254155155
-3.99	0.2498449003171024
-3.98875	0.2501807190424992
-3.9875	0.2525314501202764
-3.98625	0.2535389062964666
-3.985	0.2521956313948797
-3.98375	0.2498449003171024
-3.9825	0.2481658066901187
-3.98125	0.245143438161548
-3.98	0.242456888358374
-3.97875	0.2421210696329773
-3.9775	0.243800163259961
-3.97625	0.2448076194361513
-3.975	0.245143438161548
-3.97375	0.246486713063135
-3.9725	0.2471583505139285
-3.97125	0.2485016254155155
-3.97	0.2495090815917057
-3.96875	0.2501807190424992
-3.9675	0.2525314501202764
-3.96625	0.2532030875710699
-3.965	0.2521956313948797
-3.96375	0.2498449003171024
-3.9625	0.2481658066901187
-3.96125	0.245143438161548
-3.96	0.2427927070837708
-3.95875	0.2421210696329773
-3.9575	0.243800163259961
-3.95625	0.2448076194361513
-3.955	0.2454792568869447
-3.95375	0.246486713063135
-3.9525	0.2471583505139285
-3.95125	0.2485016254155155
-3.95	0.2495090815917057
-3.94875	0.2501807190424992
-3.9475	0.2525314501202764
-3.94625	0.2532030875710699
-3.945	0.2521956313948797
-3.94375	0.2498449003171024
-3.9425	0.2481658066901187
-3.94125	0.245143438161548
-3.94	0.242456888358374
-3.93875	0.2421210696329773
-3.9375	0.2434643445345643
-3.93625	0.2448076194361513
-3.935	0.2454792568869447
-3.93375	0.246486713063135
-3.9325	0.2471583505139285
-3.93125	0.2485016254155155
-3.93	0.2495090815917057
-3.92875	0.2501807190424992
-3.9275	0.2525314501202764
-3.92625	0.2535389062964666
-3.925	0.2521956313948797
-3.92375	0.2498449003171024
-3.9225	0.2481658066901187
-3.92125	0.245143438161548
-3.92	0.242456888358374
-3.91875	0.2421210696329773
-3.9175	0.2434643445345643
-3.91625	0.2448076194361513
-3.915	0.2454792568869447
-3.91375	0.246486713063135
-3.9125	0.2471583505139285
-3.91125	0.2485016254155155
-3.91	0.2498449003171024
-3.90875	0.2501807190424992
-3.9075	0.2525314501202764
-3.90625	0.2535389062964666
-3.905	0.2525314501202764
-3.90375	0.2498449003171024
-3.9025	0.2481658066901187
-3.90125	0.245143438161548
-3.9	0.2427927070837708
-3.89875	0.2421210696329773
-3.8975	0.2434643445345643
-3.89625	0.2448076194361513
-3.895	0.245143438161548
-3.89375	0.246486713063135
-3.8925	0.2471583505139285
-3.89125	0.2485016254155155
-3.89	0.2498449003171024
-3.88875	0.2501807190424992
-3.8875	0.2525314501202764
-3.88625	0.2535389062964666
-3.885	0.2525314501202764
-3.88375	0.2498449003171024
-3.8825	0.2481658066901187
-3.88125	0.245143438161548
-3.88	0.2427927070837708
-3.87875	0.242456888358374
-3.8775	0.243800163259961
-3.87625	0.2448076194361513
-3.875	0.245143438161548
-3.87375	0.246486713063135
-3.8725	0.2471583505139285
-3.87125	0.2485016254155155
-3.87	0.2495090815917057
-3.86875	0.2501807190424992
-3.8675	0.2521956313948797
-3.86625	0.2532030875710699
-3.865	0.2521956313948797
-3.86375	0.2498449003171024
-3.8625	0.2481658066901187
-3.86125	0.2454792568869447
-3.86	0.2431285258091675
-3.85875	0.242456888358374
-3.8575	0.243800163259961
-3.85625	0.2448076194361513
-3.855	0.2454792568869447
-3.85375	0.246486713063135
-3.8525	0.2471583505139285
-3.85125	0.2485016254155155
-3.85	0.2495090815917057
-3.84875	0.2498449003171024
-3.8475	0.2521956313948797
-3.84625	0.2528672688456731
-3.845	0.2521956313948797
-3.84375	0.2498449003171024
-3.8425	0.2481658066901187
-3.84125	0.2454792568869447
-3.84	0.2431285258091675
-3.83875	0.2427927070837708
-3.8375	0.2441359819853578
-3.83625	0.245143438161548
-3.835	0.2454792568869447
-3.83375	0.246486713063135
-3.8325	0.2471583505139285
-3.83125	0.2485016254155155
-3.83	0.2491732628663089
-3.82875	0.2495090815917057
-3.8275	0.2515239939440861
-3.82625	0.2525314501202764
-3.825	0.2515239939440861
-3.82375	0.2495090815917057
-3.8225	0.2508523564932927
-3.82125	0.2458150756123415
-3.82	0.2421210696329773
-3.81875	0.2414494321821838
-3.8175	0.2431285258091675
-3.81625	0.2444718007107545
-3.815	0.2458150756123415
-3.81375	0.2458150756123415
-3.8125	0.2471583505139285
-3.81125	0.2488374441409122
-3.81	0.2501807190424992
-3.80875	0.2505165377678959
-3.8075	0.2532030875710699
-3.80625	0.2542105437472601
-3.805	0.2528672688456731
-3.80375	0.2498449003171024
-3.8025	0.247829987964722
-3.80125	0.2444718007107545
-3.8	0.2417852509075805
-3.79875	0.2411136134567871
-3.7975	0.2431285258091675
-3.79625	0.2444718007107545
-3.795	0.2454792568869447
-3.79375	0.246486713063135
-3.7925	0.2474941692393252
-3.79125	0.2485016254155155
-3.79	0.2491732628663089
-3.78875	0.2495090815917057
-3.7875	0.2511881752186894
-3.78625	0.2518598126694829
-3.785	0.2511881752186894
-3.78375	0.2491732628663089
-3.7825	0.2481658066901187
-3.78125	0.2458150756123415
-3.78	0.2441359819853578
-3.77875	0.243800163259961
-3.7775	0.245143438161548
-3.77625	0.2458150756123415
-3.775	0.2461508943377382
-3.77375	0.2468225317885317
-3.7725	0.2471583505139285
-3.77125	0.2481658066901187
-3.77	0.2488374441409122
-3.76875	0.2491732628663089
-3.7675	0.2505165377678959
-3.76625	0.2511881752186894
-3.765	0.2501807190424992
-3.76375	0.2485016254155155
-3.7625	0.2474941692393252
-3.76125	0.2458150756123415
-3.76	0.2444718007107545
-3.75875	0.2444718007107545
-3.7575	0.2454792568869447
-3.75625	0.2461508943377382
-3.755	0.246486713063135
-3.75375	0.2471583505139285
-3.7525	0.2474941692393252
-3.75125	0.2481658066901187
-3.75	0.2488374441409122
-3.74875	0.2488374441409122
-3.7475	0.2505165377678959
-3.74625	0.2508523564932927
-3.745	0.2498449003171024
-3.74375	0.2485016254155155
-3.7425	0.2474941692393252
-3.74125	0.2458150756123415
-3.74	0.2444718007107545
-3.73875	0.2444718007107545
-3.7375	0.2454792568869447
-3.73625	0.2461508943377382
-3.735	0.246486713063135
-3.73375	0.2471583505139285
-3.7325	0.2474941692393252
-3.73125	0.2481658066901187
-3.73	0.2488374441409122
-3.72875	0.2491732628663089
-3.7275	0.2505165377678959
-3.72625	0.2508523564932927
-3.725	0.2501807190424992
-3.72375	0.2485016254155155
-3.7225	0.247829987964722
-3.72125	0.2461508943377382
-3.72	0.2448076194361513
-3.71875	0.2444718007107545
-3.7175	0.2454792568869447
-3.71625	0.246486713063135
-3.715	0.246486713063135
-3.71375	0.2471583505139285
-3.7125	0.247829987964722
-3.71125	0.2485016254155155
-3.71	0.2488374441409122
-3.70875	0.2491732628663089
-3.7075	0.2505165377678959
-3.70625	0.2508523564932927
-3.705	0.2498449003171024
-3.70375	0.2485016254155155
-3.7025	0.247829987964722
-3.70125	0.2461508943377382
-3.7	0.2448076194361513
-3.69875	0.2448076194361513
-3.6975	0.2458150756123415
-3.69625	0.246486713063135
-3.695	0.2468225317885317
-3.69375	0.2471583505139285
-3.6925	0.2474941692393252
-3.69125	0.2481658066901187
-3.69	0.2488374441409122
-3.68875	0.2491732628663089
-3.6875	0.2501807190424992
-3.68625	0.2505165377678959
-3.685	0.2498449003171024
-3.68375	0.2485016254155155
-3.6825	0.247829987964722
-3.68125	0.2461508943377382
-3.68	0.2448076194361513
-3.67875	0.2448076194361513
-3.6775	0.2458150756123415
-3.67625	0.246486713063135
-3.675	0.246486713063135
-3.67375	0.2471583505139285
-3.6725	0.2474941692393252
-3.67125	0.2481658066901187
-3.67	0.2488374441409122
-3.66875	0.2488374441409122
-3.6675	0.2501807190424992
-3.66625	0.2505165377678959
-3.665	0.2498449003171024
-3.66375	0.2485016254155155
-3.6625	0.247829987964722
-3.66125	0.2461508943377382
-3.66	0.2448076194361513
-3.65875	0.2448076194361513
-3.6575	0.2458150756123415
-3.65625	0.246486713063135
-3.655	0.2468225317885317
-3.65375	0.2471583505139285
-3.6525	0.2474941692393252
-3.65125	0.2481658066901187
-3.65	0.2488374441409122
-3.64875	0.2488374441409122
-3.6475	0.2501807190424992
-3.64625	0.2505165377678959
-3.645	0.2498449003171024
-3.64375	0.2485016254155155
-3.6425	0.247829987964722
-3.64125	0.2461508943377382
-3.64	0.2448076194361513
-3.63875	0.2448076194361513
-3.6375	0.2458150756123415
-3.63625	0.246486713063135
-3.635	0.246486713063135
-3.63375	0.2471583505139285
-3.6325	0.2474941692393252
-3.63125	0.2481658066901187
-3.63	0.2488374441409122
-3.62875	0.2491732628663089
-3.6275	0.2501807190424992
-3.62625	0.2505165377678959
-3.625	0.2498449003171024
-3.62375	0.2485016254155155
-3.6225	0.247829987964722
-3.62125	0.2461508943377382
-3.62	0.2448076194361513
-3.61875	0.2448076194361513
-3.6175	0.2458150756123415
-3.61625	0.246486713063135
-3.615	0.246486713063135
-3.61375	0.2471583505139285
-3.6125	0.2474941692393252
-3.61125	0.2481658066901187
-3.61	0.2485016254155155
-3.60875	0.2488374441409122
-3.6075	0.2501807190424992
-3.60625	0.2505165377678959
-3.605	0.2498449003171024
-3.60375	0.2485016254155155
-3.6025	0.2474941692393252
-3.60125	0.2461508943377382
-3.6	0.2448076194361513
-3.59875	0.2448076194361513
-3.5975	0.2458150756123415
-3.59625	0.246486713063135
-3.595	0.246486713063135
-3.59375	0.2471583505139285
-3.5925	0.2474941692393252
-3.59125	0.2481658066901187
-3.59	0.2485016254155155
-3.58875	0.2488374441409122
-3.5875	0.2501807190424992
-3.58625	0.2505165377678959
-3.585	0.2495090815917057
-3.58375	0.2485016254155155
-3.5825	0.2474941692393252
-3.58125	0.2458150756123415
-3.58	0.2448076194361513
-3.57875	0.2444718007107545
-3.5775	0.2454792568869447
-3.57625	0.2461508943377382
-3.575	0.246486713063135
-3.57375	0.2468225317885317
-3.5725	0.2471583505139285
-3.57125	0.2474941692393252
-3.57	0.247829987964722
-3.56875	0.247829987964722
-3.5675	0.2481658066901187
-3.56625	0.2468225317885317
-3.565	0.2827551354059834
-3.56375	0.4906269264265684
-3.5625	1.009466857164539
-3.56125	1.774126094892927
-3.56	2.565650830653054
-3.55875	2.750686948346661
-3.5575	2.750686948346661
-3.55625	2.750686948346661
-3.555	2.750686948346661
-3.55375	2.750686948346661
-3.5525	2.750686948346661
-3.55125	2.750686948346661
-3.55	2.750686948346661
-3.54875	2.750686948346661
-3.5475	2.750686948346661
-3.54625	2.750686948346661
-3.545	2.750686948346661
-3.54375	2.750686948346661
-3.5425	2.750686948346661
-3.54125	2.750686948346661
-3.54	2.750686948346661
-3.53875	2.750686948346661
-3.5375	2.750686948346661
-3.53625	2.750686948346661
-3.535	2.750686948346661
-3.53375	2.750686948346661
-3.5325	2.750686948346661
-3.53125	2.684194840718105
-3.53	1.95849057513574
-3.52875	1.093757357239122
-3.5275	0.4815598208408563
-3.52625	0.2579045497266243
-3.525	0.2411136134567871
-3.52375	0.243800163259961
-3.5225	0.2461508943377382
-3.52125	0.2454792568869447
-3.52	0.2444718007107545
-3.51875	0.2448076194361513
-3.5175	0.2454792568869447
-3.51625	0.2461508943377382
-3.515	0.246486713063135
-3.51375	0.2471583505139285
-3.5125	0.2474941692393252
-3.51125	0.2481658066901187
-3.51	0.2485016254155155
-3.50875	0.2488374441409122
-3.5075	0.2498449003171024
-3.50625	0.2505165377678959
-3.505	0.2498449003171024
-3.50375	0.2485016254155155
-3.5025	0.2474941692393252
-3.50125	0.2461508943377382
-3.5	0.2448076194361513
-3.49875	0.2448076194361513
-3.4975	0.2458150756123415
-3.49625	0.2461508943377382
-3.495	0.2468225317885317
-3.49375	0.2471583505139285
-3.4925	0.2474941692393252
-3.49125	0.2481658066901187
-3.49	0.2485016254155155
-3.48875	0.2488374441409122
-3.4875	0.2501807190424992
-3.48625	0.2505165377678959
-3.485	0.2498449003171024
-3.48375	0.2485016254155155
-3.4825	0.247829987964722
-3.48125	0.2461508943377382
-3.48	0.2448076194361513
-3.47875	0.2448076194361513
-3.4775	0.2458150756123415
-3.47625	0.246486713063135
-3.475	0.2468225317885317
-3.47375	0.2471583505139285
-3.4725	0.2474941692393252
-3.47125	0.2481658066901187
-3.47	0.2485016254155155
-3.46875	0.2488374441409122
-3.4675	0.2498449003171024
-3.46625	0.2505165377678959
-3.465	0.2498449003171024
-3.46375	0.2485016254155155
-3.4625	0.247829987964722
-3.46125	0.2461508943377382
-3.46	0.245143438161548
-3.45875	0.2448076194361513
-3.4575	0.2458150756123415
-3.45625	0.246486713063135
-3.455	0.246486713063135
-3.45375	0.2471583505139285
-3.4525	0.2474941692393252
-3.45125	0.2481658066901187
-3.45	0.2485016254155155
-3.44875	0.2488374441409122
-3.4475	0.2501807190424992
-3.44625	0.2505165377678959
-3.445	0.2498449003171024
-3.44375	0.2485016254155155
-3.4425	0.247829987964722
-3.44125	0.2461508943377382
-3.44	0.245143438161548
-3.43875	0.2448076194361513
-3.4375	0.2458150756123415
-3.43625	0.246486713063135
-3.435	0.2468225317885317
-3.43375	0.2471583505139285
-3.4325	0.2474941692393252
-3.43125	0.2481658066901187
-3.43	0.2488374441409122
-3.42875	0.2488374441409122
-3.4275	0.2501807190424992
-3.42625	0.2505165377678959
-3.425	0.2498449003171024
-3.42375	0.2485016254155155
-3.4225	0.247829987964722
-3.42125	0.2461508943377382
-3.42	0.245143438161548
-3.41875	0.2448076194361513
-3.4175	0.2458150756123415
-3.41625	0.246486713063135
-3.415	0.2468225317885317
-3.41375	0.2471583505139285
-3.4125	0.2474941692393252
-3.41125	0.2481658066901187
-3.41	0.2488374441409122
-3.40875	0.2488374441409122
-3.4075	0.2501807190424992
-3.40625	0.2505165377678959
-3.405	0.2498449003171024
-3.40375	0.2485016254155155
-3.4025	0.247829987964722
-3.40125	0.246486713063135
-3.4	0.245143438161548
-3.39875	0.2448076194361513
-3.3975	0.2458150756123415
-3.39625	0.246486713063135
-3.395	0.246486713063135
-3.39375	0.2471583505139285
-3.3925	0.2474941692393252
-3.39125	0.2481658066901187
-3.39	0.2488374441409122
-3.38875	0.2488374441409122
-3.3875	0.2501807190424992
-3.38625	0.2505165377678959
-3.385	0.2498449003171024
-3.38375	0.2485016254155155
-3.3825	0.247829987964722
-3.38125	0.2461508943377382
-3.38	0.245143438161548
-3.37875	0.2448076194361513
-3.3775	0.2458150756123415
-3.37625	0.246486713063135
-3.375	0.2468225317885317
-3.37375	0.2471583505139285
-3.3725	0.2474941692393252
-3.37125	0.2481658066901187
-3.37	0.2485016254155155
-3.36875	0.2488374441409122
-3.3675	0.2501807190424992
-3.36625	0.2505165377678959
-3.365	0.2498449003171024
-3.36375	0.2485016254155155
-3.3625	0.247829987964722
-3.36125	0.2461508943377382
-3.36	0.2448076194361513
-3.35875	0.2448076194361513
-3.3575	0.2458150756123415
-3.35625	0.246486713063135
-3.355	0.2468225317885317
-3.35375	0.2471583505139285
-3.3525	0.2474941692393252
-3.35125	0.2481658066901187
-3.35	0.2488374441409122
-3.34875	0.2488374441409122
-3.3475	0.2501807190424992
-3.34625	0.2505165377678959
-3.345	0.2498449003171024
-3.34375	0.2485016254155155
-3.3425	0.247829987964722
-3.34125	0.2461508943377382
-3.34	0.245143438161548
-3.33875	0.2448076194361513
-3.3375	0.2458150756123415
-3.33625	0.246486713063135
-3.335	0.246486713063135
-3.33375	0.2471583505139285
-3.3325	0.2474941692393252
-3.33125	0.2481658066901187
-3.33	0.2488374441409122
-3.32875	0.2488374441409122
-3.3275	0.2498449003171024
-3.32625	0.2505165377678959
-3.325	0.2498449003171024
-3.32375	0.2485016254155155
-3.3225	0.247829987964722
-3.32125	0.246486713063135
-3.32	0.2448076194361513
-3.31875	0.2448076194361513
-3.3175	0.2458150756123415
-3.31625	0.246486713063135
-3.315	0.2468225317885317
-3.31375	0.2471583505139285
-3.3125	0.2474941692393252
-3.31125	0.2481658066901187
-3.31	0.2488374441409122
-3.30875	0.2488374441409122
-3.3075	0.2501807190424992
-3.30625	0.2505165377678959
-3.305	0.2498449003171024
-3.30375	0.2485016254155155
-3.3025	0.2474941692393252
-3.30125	0.2461508943377382
-3.3	0.2448076194361513
-3.29875	0.2448076194361513
-3.2975	0.2458150756123415
-3.29625	0.246486713063135
-3.295	0.2468225317885317
-3.29375	0.2471583505139285
-3.2925	0.2474941692393252
-3.29125	0.2481658066901187
-3.29	0.2488374441409122
-3.28875	0.2488374441409122
-3.2875	0.2501807190424992
-3.28625	0.2505165377678959
-3.285	0.2498449003171024
-3.28375	0.2485016254155155
-3.2825	0.247829987964722
-3.28125	0.2461508943377382
-3.28	0.2448076194361513
-3.27875	0.2448076194361513
-3.2775	0.2458150756123415
-3.27625	0.246486713063135
-3.275	0.246486713063135
-3.27375	0.2471583505139285
-3.2725	0.2474941692393252
-3.27125	0.2481658066901187
-3.27	0.2485016254155155
-3.26875	0.2488374441409122
-3.2675	0.2501807190424992
-3.26625	0.2505165377678959
-3.265	0.2498449003171024
-3.26375	0.2485016254155155
-3.2625	0.247829987964722
-3.26125	0.246486713063135
-3.26	0.245143438161548
-3.25875	0.2448076194361513
-3.2575	0.2458150756123415
-3.25625	0.246486713063135
-3.255	0.246486713063135
-3.25375	0.2471583505139285
-3.2525	0.2474941692393252
-3.25125	0.2481658066901187
-3.25	0.2485016254155155
-3.24875	0.2488374441409122
-3.2475	0.2498449003171024
-3.24625	0.2505165377678959
-3.245	0.2498449003171024
-3.24375	0.2485016254155155
-3.2425	0.2474941692393252
-3.24125	0.246486713063135
-3.24	0.245143438161548
-3.23875	0.2448076194361513
-3.2375	0.2656283804107494
-3.23625	1.686813226289773
-3.235	2.750686948346661
-3.23375	2.750686948346661
-3.2325	2.750686948346661
-3.23125	2.750686948346661
-3.23	2.750686948346661
-3.22875	2.750686948346661
-3.2275	2.750686948346661
-3.22625	2.750686948346661
-3.225	2.750686948346661
-3.22375	2.61871018926574
-3.2225	0.7999159725169702
-3.22125	0.2461508943377382
-3.22	0.245143438161548
-3.21875	0.2448076194361513
-3.2175	0.2458150756123415
-3.21625	0.2461508943377382
-3.215	0.246486713063135
-3.21375	0.2471583505139285
-3.2125	0.2474941692393252
-3.21125	0.2481658066901187
-3.21	0.2485016254155155
-3.20875	0.2488374441409122
-3.2075	0.2498449003171024
-3.20625	0.2505165377678959
-3.205	0.2498449003171024
-3.20375	0.2485016254155155
-3.2025	0.247829987964722
-3.20125	0.246486713063135
-3.2	0.245143438161548
-3.19875	0.2448076194361513
-3.1975	0.2458150756123415
-3.19625	0.246486713063135
-3.195	0.2468225317885317
-3.19375	0.2471583505139285
-3.1925	0.2474941692393252
-3.19125	0.2481658066901187
-3.19	0.2485016254155155
-3.18875	0.2488374441409122
-3.1875	0.2501807190424992
-3.18625	0.2505165377678959
-3.185	0.2498449003171024
-3.18375	0.2485016254155155
-3.1825	0.247829987964722
-3.18125	0.2461508943377382
-3.18	0.245143438161548
-3.17875	0.2448076194361513
-3.1775	0.2458150756123415
-3.17625	0.246486713063135
-3.175	0.2468225317885317
-3.17375	0.2471583505139285
-3.1725	0.247829987964722
-3.17125	0.2481658066901187
-3.17	0.2488374441409122
-3.16875	0.2488374441409122
-3.1675	0.2498449003171024
-3.16625	0.2505165377678959
-3.165	0.2498449003171024
-3.16375	0.2488374441409122
-3.1625	0.247829987964722
-3.16125	0.246486713063135
-3.16	0.245143438161548
-3.15875	0.2448076194361513
-3.1575	0.2458150756123415
-3.15625	0.246486713063135
-3.155	0.2468225317885317
-3.15375	0.2471583505139285
-3.1525	0.2474941692393252
-3.15125	0.2481658066901187
-3.15	0.2485016254155155
-3.14875	0.2488374441409122
-3.1475	0.2501807190424992
-3.14625	0.2505165377678959
-3.145	0.2498449003171024
-3.14375	0.2488374441409122
-3.1425	0.247829987964722
-3.14125	0.246486713063135
-3.14	0.245143438161548
-3.13875	0.245143438161548
-3.1375	0.2458150756123415
-3.13625	0.246486713063135
-3.135	0.2468225317885317
-3.13375	0.2471583505139285
-3.1325	0.2474941692393252
-3.13125	0.2481658066901187
-3.13	0.2488374441409122
-3.12875	0.2488374441409122
-3.1275	0.2501807190424992
-3.12625	0.2505165377678959
-3.125	0.2498449003171024
-3.12375	0.2488374441409122
-3.1225	0.247829987964722
-3.12125	0.246486713063135
-3.12	0.245143438161548
-3.11875	0.245143438161548
-3.1175	0.2458150756123415
-3.11625	0.2468225317885317
-3.115	0.2468225317885317
-3.11375	0.2474941692393252
-3.1125	0.247829987964722
-3.11125	0.2485016254155155
-3.11	0.2488374441409122
-3.10875	0.2488374441409122
-3.1075	0.2501807190424992
-3.10625	0.2505165377678959
-3.105	0.2498449003171024
-3.10375	0.2488374441409122
-3.1025	0.247829987964722
-3.10125	0.246486713063135
-3.1	0.245143438161548
-3.09875	0.245143438161548
-3.0975	0.2458150756123415
-3.09625	0.246486713063135
-3.095	0.2468225317885317
-3.09375	0.2471583505139285
-3.0925	0.2474941692393252
-3.09125	0.2481658066901187
-3.09	0.2485016254155155
-3.08875	0.2488374441409122
-3.0875	0.2501807190424992
-3.08625	0.2505165377678959
-3.085	0.2498449003171024
-3.08375	0.2485016254155155
-3.0825	0.247829987964722
-3.08125	0.246486713063135
-3.08	0.245143438161548
-3.07875	0.2448076194361513
-3.0775	0.2458150756123415
-3.07625	0.246486713063135
-3.075	0.2468225317885317
-3.07375	0.2471583505139285
-3.0725	0.2474941692393252
-3.07125	0.2481658066901187
-3.07	0.2485016254155155
-3.06875	0.2488374441409122
-3.0675	0.2498449003171024
-3.06625	0.2505165377678959
-3.065	0.2498449003171024
-3.06375	0.2485016254155155
-3.0625	0.247829987964722
-3.06125	0.246486713063135
-3.06	0.245143438161548
-3.05875	0.2448076194361513
-3.0575	0.2458150756123415
-3.05625	0.2461508943377382
-3.055	0.246486713063135
-3.05375	0.2471583505139285
-3.0525	0.2474941692393252
-3.05125	0.2481658066901187
-3.05	0.2485016254155155
-3.04875	0.2488374441409122
-3.0475	0.2498449003171024
-3.04625	0.2501807190424992
-3.045	0.2498449003171024
-3.04375	0.2485016254155155
-3.0425	0.2474941692393252
-3.04125	0.2461508943377382
-3.04	0.245143438161548
-3.03875	0.2448076194361513
-3.0375	0.2458150756123415
-3.03625	0.2461508943377382
-3.035	0.246486713063135
-3.03375	0.2471583505139285
-3.0325	0.2474941692393252
-3.03125	0.247829987964722
-3.03	0.2485016254155155
-3.02875	0.2485016254155155
-3.0275	0.2498449003171024
-3.02625	0.2501807190424992
-3.025	0.2498449003171024
-3.02375	0.2485016254155155
-3.0225	0.247829987964722
-3.02125	0.2461508943377382
-3.02	0.2448076194361513
-3.01875	0.2448076194361513
-3.0175	0.2454792568869447
-3.01625	0.2461508943377382
-3.015	0.246486713063135
-3.01375	0.2468225317885317
-3.0125	0.2474941692393252
-3.01125	0.247829987964722
-3.01	0.2485016254155155
-3.00875	0.2485016254155155
-3.0075	0.2498449003171024
-3.00625	0.2501807190424992
-3.005	0.2495090815917057
-3.00375	0.2481658066901187
-3.0025	0.2474941692393252
-3.00125	0.2461508943377382
-3	0.3395084999980333
-2.99875	2.39270418707373
-2.9975	2.750686948346661
-2.99625	2.750686948346661
-2.995	2.750686948346661
-2.99375	2.750686948346661
-2.9925	2.750686948346661
-2.99125	2.750686948346661
-2.99	1.700917612756436
-2.98875	0.2485016254155155
-2.9875	0.2495090815917057
-2.98625	0.2501807190424992
-2.985	0.2495090815917057
-2.98375	0.2481658066901187
-2.9825	0.2474941692393252
-2.98125	0.2461508943377382
-2.98	0.2448076194361513
-2.97875	0.2444718007107545
-2.9775	0.2454792568869447
-2.97625	0.2461508943377382
-2.975	0.246486713063135
-2.97375	0.2468225317885317
-2.9725	0.2471583505139285
-2.97125	0.247829987964722
-2.97	0.2481658066901187
-2.96875	0.2485016254155155
-2.9675	0.2498449003171024
-2.96625	0.2501807190424992
-2.965	0.2495090815917057
-2.96375	0.2481658066901187
-2.9625	0.2474941692393252
-2.96125	0.2461508943377382
-2.96	0.2448076194361513
-2.95875	0.2444718007107545
-2.9575	0.2454792568869447
-2.95625	0.2461508943377382
-2.955	0.2461508943377382
-2.95375	0.2468225317885317
-2.9525	0.2471583505139285
-2.95125	0.2474941692393252
-2.95	0.2481658066901187
-2.94875	0.2485016254155155
-2.9475	0.2495090815917057
-2.94625	0.2501807190424992
-2.945	0.2495090815917057
-2.94375	0.2481658066901187
-2.9425	0.2474941692393252
-2.94125	0.2461508943377382
-2.94	0.2448076194361513
-2.93875	0.2444718007107545
-2.9375	0.2454792568869447
-2.93625	0.2461508943377382
-2.935	0.2461508943377382
-2.93375	0.2468225317885317
-2.9325	0.2471583505139285
-2.93125	0.247829987964722
-2.93	0.2481658066901187
-2.92875	0.2485016254155155
-2.9275	0.2495090815917057
-2.92625	0.2501807190424992
-2.925	0.2495090815917057
-2.92375	0.2481658066901187
-2.9225	0.2474941692393252
-2.92125	0.2461508943377382
-2.92	0.2448076194361513
-2.91875	0.2444718007107545
-2.9175	0.2454792568869447
-2.91625	0.2461508943377382
-2.915	0.2461508943377382
-2.91375	0.2468225317885317
-2.9125	0.2471583505139285
-2.91125	0.2474941692393252
-2.91	0.2481658066901187
-2.90875	0.2485016254155155
-2.9075	0.2495090815917057
-2.90625	0.2498449003171024
-2.905	0.2491732628663089
-2.90375	0.2481658066901187
-2.9025	0.2471583505139285
-2.90125	0.2458150756123415
-2.9	0.2448076194361513
-2.89875	0.2444718007107545
-2.8975	0.2454792568869447
-2.89625	0.2458150756123415
-2.895	0.2461508943377382
-2.89375	0.2468225317885317
-2.8925	0.2471583505139285
-2.89125	0.247829987964722
-2.89	0.2481658066901187
-2.88875	0.2485016254155155
-2.8875	0.2495090815917057
-2.88625	0.2501807190424992
-2.885	0.2491732628663089
-2.88375	0.2481658066901187
-2.8825	0.2471583505139285
-2.88125	0.2461508943377382
-2.88	0.2448076194361513
-2.87875	0.2444718007107545
-2.8775	0.2454792568869447
-2.87625	0.2458150756123415
-2.875	0.2461508943377382
-2.87375	0.2468225317885317
-2.8725	0.2471583505139285
-2.87125	0.247829987964722
-2.87	0.2485016254155155
-2.86875	0.2485016254155155
-2.8675	0.2495090815917057
-2.86625	0.2501807190424992
-2.865	0.2495090815917057
-2.86375	0.2481658066901187
-2.8625	0.2474941692393252
-2.86125	0.2461508943377382
-2.86	0.2448076194361513
-2.85875	0.2444718007107545
-2.8575	0.2454792568869447
-2.85625	0.2461508943377382
-2.855	0.2461508943377382
-2.85375	0.2468225317885317
-2.8525	0.2471583505139285
-2.85125	0.247829987964722
-2.85	0.2481658066901187
-2.84875	0.2485016254155155
-2.8475	0.2495090815917057
-2.84625	0.2501807190424992
-2.845	0.2495090815917057
-2.84375	0.2481658066901187
-2.8425	0.2474941692393252
-2.84125	0.2461508943377382
-2.84	0.2448076194361513
-2.83875	0.2444718007107545
-2.8375	0.2454792568869447
-2.83625	0.2461508943377382
-2.835	0.2461508943377382
-2.83375	0.2468225317885317
-2.8325	0.2471583505139285
-2.83125	0.247829987964722
-2.83	0.2481658066901187
-2.82875	0.2485016254155155
-2.8275	0.2495090815917057
-2.82625	0.2501807190424992
-2.825	0.2491732628663089
-2.82375	0.2481658066901187
-2.8225	0.2474941692393252
-2.82125	0.2461508943377382
-2.82	0.2448076194361513
-2.81875	0.2444718007107545
-2.8175	0.7784235740915786
-2.81625	2.726508000118095
-2.815	2.750686948346661
-2.81375	2.750686948346661
-2.8125	2.750686948346661
-2.81125	2.750686948346661
-2.81	2.623747470146691
-2.80875	0.5359624543551289
-2.8075	0.2495090815917057
-2.80625	0.2498449003171024
-2.805	0.2495090815917057
-2.80375	0.2481658066901187
-2.8025	0.2471583505139285
-2.80125	0.2461508943377382
-2.8	0.2448076194361513
-2.79875	0.2444718007107545
-2.7975	0.2454792568869447
-2.79625	0.2458150756123415
-2.795	0.2461508943377382
-2.79375	0.2468225317885317
-2.7925	0.2471583505139285
-2.79125	0.2474941692393252
-2.79	0.2481658066901187
-2.78875	0.2485016254155155
-2.7875	0.2495090815917057
-2.78625	0.2501807190424992
-2.785	0.2495090815917057
-2.78375	0.2481658066901187
-2.7825	0.2474941692393252
-2.78125	0.2461508943377382
-2.78	0.2448076194361513
-2.77875	0.2448076194361513
-2.7775	0.2454792568869447
-2.77625	0.2461508943377382
-2.775	0.2461508943377382
-2.77375	0.2468225317885317
-2.7725	0.2471583505139285
-2.77125	0.247829987964722
-2.77	0.2481658066901187
-2.76875	0.2485016254155155
-2.7675	0.2495090815917057
-2.76625	0.2501807190424992
-2.765	0.2491732628663089
-2.76375	0.2481658066901187
-2.7625	0.2474941692393252
-2.76125	0.2461508943377382
-2.76	0.2448076194361513
-2.75875	0.2444718007107545
-2.7575	0.2454792568869447
-2.75625	0.2461508943377382
-2.755	0.246486713063135
-2.75375	0.2468225317885317
-2.7525	0.2471583505139285
-2.75125	0.247829987964722
-2.75	0.2481658066901187
-2.74875	0.2485016254155155
-2.7475	0.2495090815917057
-2.74625	0.2501807190424992
-2.745	0.2495090815917057
-2.74375	0.2481658066901187
-2.7425	0.2471583505139285
-2.74125	0.2461508943377382
-2.74	0.2448076194361513
-2.73875	0.2444718007107545
-2.7375	0.2454792568869447
-2.73625	0.2461508943377382
-2.735	0.2461508943377382
-2.73375	0.2468225317885317
-2.7325	0.2471583505139285
-2.73125	0.247829987964722
-2.73	0.2481658066901187
-2.72875	0.2481658066901187
-2.7275	0.2495090815917057
-2.72625	0.2501807190424992
-2.725	0.2491732628663089
-2.72375	0.2481658066901187
-2.7225	0.2474941692393252
-2.72125	0.2461508943377382
-2.72	0.2448076194361513
-2.71875	0.2444718007107545
-2.7175	0.2454792568869447
-2.71625	0.2461508943377382
-2.715	0.2461508943377382
-2.71375	0.2468225317885317
-2.7125	0.2471583505139285
-2.71125	0.247829987964722
-2.71	0.2481658066901187
-2.70875	0.2485016254155155
-2.7075	0.2495090815917057
-2.70625	0.2501807190424992
-2.705	0.2495090815917057
-2.70375	0.2481658066901187
-2.7025	0.2474941692393252
-2.70125	0.2461508943377382
-2.7	0.2851058664837606
-2.69875	2.416883135302296
-2.6975	2.750686948346661
-2.69625	2.750686948346661
-2.695	2.750686948346661
-2.69375	2.750686948346661
-2.6925	1.915169959559559
-2.69125	0.247829987964722
-2.69	0.2481658066901187
-2.68875	0.2485016254155155
-2.6875	0.2495090815917057
-2.68625	0.2501807190424992
-2.685	0.2491732628663089
-2.68375	0.2481658066901187
-2.6825	0.2471583505139285
-2.68125	0.2461508943377382
-2.68	0.2444718007107545
-2.67875	0.2444718007107545
-2.6775	0.2454792568869447
-2.67625	0.2458150756123415
-2.675	0.2461508943377382
-2.67375	0.2468225317885317
-2.6725	0.2471583505139285
-2.67125	0.2474941692393252
-2.67	0.2481658066901187
-2.66875	0.2481658066901187
-2.6675	0.2495090815917057
-2.66625	0.2501807190424992
-2.665	0.2495090815917057
-2.66375	0.2481658066901187
-2.6625	0.2471583505139285
-2.66125	0.2461508943377382
-2.66	0.2448076194361513
-2.65875	0.2444718007107545
-2.6575	0.245143438161548
-2.65625	0.2461508943377382
-2.655	0.246486713063135
-2.65375	0.2468225317885317
-2.6525	0.2471583505139285
-2.65125	0.2474941692393252
-2.65	0.2481658066901187
-2.64875	0.2485016254155155
-2.6475	0.2495090815917057
-2.64625	0.2498449003171024
-2.645	0.2495090815917057
-2.64375	0.2481658066901187
-2.6425	0.2474941692393252
-2.64125	0.2461508943377382
-2.64	0.2448076194361513
-2.63875	0.2444718007107545
-2.6375	0.2454792568869447
-2.63625	0.2461508943377382
-2.635	0.2461508943377382
-2.63375	0.2468225317885317
-2.6325	0.2471583505139285
-2.63125	0.2474941692393252
-2.63	0.2481658066901187
-2.62875	0.2481658066901187
-2.6275	0.2491732628663089
-2.62625	0.2501807190424992
-2.625	0.2491732628663089
-2.62375	0.2481658066901187
-2.6225	0.2474941692393252
-2.62125	0.2461508943377382
-2.62	0.2448076194361513
-2.61875	0.2444718007107545
-2.6175	0.2454792568869447
-2.61625	0.2461508943377382
-2.615	0.2461508943377382
-2.61375	0.2468225317885317
-2.6125	0.2468225317885317
-2.61125	0.2471583505139285
-2.61	0.2481658066901187
-2.60875	0.2491732628663089
-2.6075	0.2495090815917057
-2.60625	0.2511881752186894
-2.605	0.2501807190424992
-2.60375	0.2488374441409122
-2.6025	0.2474941692393252
-2.60125	0.2468225317885317
-2.6	0.245143438161548
-2.59875	0.2458150756123415
-2.5975	0.246486713063135
-2.59625	0.2468225317885317
-2.595	0.2468225317885317
-2.59375	0.2474941692393252
-2.5925	0.247829987964722
-2.59125	0.247829987964722
-2.59	0.2491732628663089
-2.58875	0.2491732628663089
-2.5875	0.2498449003171024
-2.58625	0.2508523564932927
-2.585	0.2498449003171024
-2.58375	0.2488374441409122
-2.5825	0.247829987964722
-2.58125	0.2471583505139285
-2.58	0.245143438161548
-2.57875	0.245143438161548
-2.5775	0.2461508943377382
-2.57625	0.2468225317885317
-2.575	0.2471583505139285
-2.57375	0.2474941692393252
-2.5725	0.2481658066901187
-2.57125	0.2481658066901187
-2.57	0.2491732628663089
-2.56875	0.2488374441409122
-2.5675	0.2498449003171024
-2.56625	0.2505165377678959
-2.565	0.2501807190424992
-2.56375	0.2485016254155155
-2.5625	0.2481658066901187
-2.56125	0.2468225317885317
-2.56	0.245143438161548
-2.55875	0.245143438161548
-2.5575	0.2458150756123415
-2.55625	0.2468225317885317
-2.555	0.2471583505139284
-2.55375	0.2471583505139285
-2.5525	0.2474941692393251
-2.55125	0.247829987964722
-2.55	0.2485016254155156
-2.54875	0.2491732628663089
-2.5475	0.2498449003171024
-2.54625	0.2508523564932927
-2.545	0.2501807190424992
-2.54375	0.2488374441409125
-2.5425	0.2481658066901187
-2.54125	0.2468225317885315
-2.54	0.2458150756123415
-2.53875	0.2451434381615482
-2.5375	0.2461508943377382
-2.53625	0.2468225317885317
-2.535	0.2468225317885317
-2.53375	0.2474941692393252
-2.5325	0.2478299879647219
-2.53125	0.2481658066901187
-2.53	0.2488374441409122
-2.52875	0.2488374441409122
-2.5275	0.2498449003171024
-2.52625	0.2505165377678959
-2.525	0.2501807190424992
-2.52375	0.2488374441409125
-2.5225	0.247829987964722
-2.52125	0.2468225317885319
-2.52	0.2454792568869447
-2.51875	0.2454792568869448
-2.5175	0.2458150756123415
-2.51625	0.2468225317885317
-2.515	0.2471583505139285
-2.51375	0.2474941692393252
-2.5125	0.2478299879647219
-2.51125	0.2481658066901187
-2.51	0.2488374441409122
-2.50875	0.2488374441409122
-2.5075	0.2501807190424993
-2.50625	0.2508523564932927
-2.505	0.2498449003171024
-2.50375	0.2488374441409122
-2.5025	0.2481658066901187
-2.50125	0.2471583505139287
-2.5	0.2454792568869447
-2.49875	0.2454792568869449
-2.4975	0.2461508943377382
-2.49625	0.2468225317885317
-2.495	0.2468225317885317
-2.49375	0.2474941692393252
-2.4925	0.2474941692393252
-2.49125	0.2481658066901187
-2.49	0.248837444140912
-2.48875	0.2488374441409122
-2.4875	0.2501807190424993
-2.48625	0.2508523564932927
-2.485	0.2498449003171024
-2.48375	0.2488374441409122
-2.4825	0.2481658066901187
-2.48125	0.246822531788532
-2.48	0.245143438161548
-2.47875	0.2451434381615482
-2.4775	0.2461508943377382
-2.47625	0.246486713063135
-2.475	0.2468225317885317
-2.47375	0.2474941692393252
-2.4725	0.247829987964722
-2.47125	0.2481658066901187
-2.47	0.248837444140912
-2.46875	0.2488374441409122
-2.4675	0.2498449003171027
-2.46625	0.2508523564932927
-2.465	0.2498449003171024
-2.46375	0.2488374441409122
-2.4625	0.2481658066901187
-2.46125	0.2471583505139287
-2.46	0.245143438161548
-2.45875	0.245143438161548
-2.4575	0.2458150756123415
-2.45625	0.2468225317885317
-2.455	0.2468225317885317
-2.45375	0.247829987964722
-2.4525	0.2474941692393252
-2.45125	0.2481658066901187
-2.45	0.2485016254155154
-2.44875	0.2488374441409122
-2.4475	0.2498449003171027
-2.44625	0.2508523564932927
-2.445	0.2498449003171022
-2.44375	0.2488374441409122
-2.4425	0.2481658066901187
-2.44125	0.2471583505139285
-2.44	0.2454792568869447
-2.43875	0.245143438161548
-2.4375	0.2461508943377382
-2.43625	0.2468225317885317
-2.435	0.2468225317885317
-2.43375	0.2471583505139285
-2.4325	0.247829987964722
-2.43125	0.2481658066901187
-2.43	0.2485016254155155
-2.42875	0.2488374441409122
-2.4275	0.2501807190424992
-2.42625	0.2508523564932927
-2.425	0.2498449003171024
-2.42375	0.2488374441409122
-2.4225	0.2481658066901187
-2.42125	0.2468225317885317
-2.42	0.2454792568869447
-2.41875	0.245143438161548
-2.4175	0.2461508943377382
-2.41625	0.246486713063135
-2.415	0.2468225317885317
-2.41375	0.2471583505139285
-2.4125	0.247829987964722
-2.41125	0.2481658066901187
-2.41	0.2488374441409122
-2.40875	0.2488374441409122
-2.4075	0.2498449003171024
-2.40625	0.2505165377678959
-2.405	0.2498449003171024
-2.40375	0.2488374441409122
-2.4025	0.247829987964722
-2.40125	0.2468225317885317
-2.4	0.2454792568869447
-2.39875	0.2454792568869447
-2.3975	0.2458150756123415
-2.39625	0.2468225317885317
-2.395	0.2468225317885317
-2.39375	0.2474941692393252
-2.3925	0.2474941692393252
-2.39125	0.2481658066901187
-2.39	0.2488374441409122
-2.38875	0.2491732628663089
-2.3875	0.2498449003171024
-2.38625	0.2505165377678959
-2.385	0.2498449003171024
-2.38375	0.2488374441409122
-2.3825	0.247829987964722
-2.38125	0.2471583505139285
-2.38	0.2454792568869447
-2.37875	0.245143438161548
-2.3775	0.2458150756123415
-2.37625	0.2468225317885317
-2.375	0.2468225317885317
-2.37375	0.2471583505139285
-2.3725	0.247829987964722
-2.37125	0.2481658066901187
-2.37	0.2488374441409122
-2.36875	0.2488374441409122
-2.3675	0.2498449003171024
-2.36625	0.2505165377678959
-2.365	0.2498449003171024
-2.36375	0.2488374441409122
-2.3625	0.247829987964722
-2.36125	0.2468225317885317
-2.36	0.2454792568869447
-2.35875	0.245143438161548
-2.3575	0.2458150756123415
-2.35625	0.2468225317885317
-2.355	0.2468225317885317
-2.35375	0.2471583505139285
-2.3525	0.247829987964722
-2.35125	0.2481658066901187
-2.35	0.2488374441409122
-2.34875	0.2488374441409122
-2.3475	0.2498449003171024
-2.34625	0.2505165377678959
-2.345	0.2498449003171024
-2.34375	0.2488374441409122
-2.3425	0.247829987964722
-2.34125	0.2468225317885317
-2.34	0.2454792568869447
-2.33875	0.245143438161548
-2.3375	0.2458150756123415
-2.33625	0.246486713063135
-2.335	0.2468225317885317
-2.33375	0.2471583505139285
-2.3325	0.247829987964722
-2.33125	0.2481658066901187
-2.33	0.2488374441409122
-2.32875	0.2488374441409122
-2.3275	0.2498449003171024
-2.32625	0.2505165377678959
-2.325	0.2498449003171024
-2.32375	0.2488374441409122
-2.3225	0.247829987964722
-2.32125	0.2468225317885317
-2.32	0.2454792568869447
-2.31875	0.2454792568869447
-2.3175	0.2458150756123415
-2.31625	0.246486713063135
-2.315	0.2468225317885317
-2.31375	0.2471583505139285
-2.3125	0.247829987964722
-2.31125	0.2481658066901187
-2.31	0.2488374441409122
-2.30875	0.2488374441409122
-2.3075	0.2498449003171024
-2.30625	0.2505165377678959
-2.305	0.2498449003171024
-2.30375	0.2485016254155155
-2.3025	0.247829987964722
-2.30125	0.2468225317885317
-2.3	0.2454792568869447
-2.29875	0.2454792568869447
-2.2975	0.2461508943377382
-2.29625	0.246486713063135
-2.295	0.2468225317885317
-2.29375	0.2471583505139285
-2.2925	0.247829987964722
-2.29125	0.2481658066901187
-2.29	0.2488374441409122
-2.28875	0.2491732628663089
-2.2875	0.2498449003171024
-2.28625	0.2508523564932927
-2.285	0.2501807190424992
-2.28375	0.2488374441409122
-2.2825	0.2481658066901187
-2.28125	0.2468225317885317
-2.28	0.2458150756123415
-2.27875	0.245143438161548
-2.2775	0.2458150756123415
-2.27625	0.2468225317885317
-2.275	0.2468225317885317
-2.27375	0.2471583505139285
-2.2725	0.247829987964722
-2.27125	0.2481658066901187
-2.27	0.2488374441409122
-2.26875	0.2488374441409122
-2.2675	0.2498449003171024
-2.26625	0.2505165377678959
-2.265	0.2501807190424992
-2.26375	0.2488374441409122
-2.2625	0.2481658066901187
-2.26125	0.2468225317885317
-2.26	0.2454792568869447
-2.25875	0.245143438161548
-2.2575	0.2458150756123415
-2.25625	0.2468225317885317
-2.255	0.2471583505139285
-2.25375	0.2474941692393252
-2.2525	0.2474941692393252
-2.25125	0.2481658066901187
-2.25	0.2488374441409122
-2.24875	0.2488374441409122
-2.2475	0.2498449003171024
-2.24625	0.2508523564932927
-2.245	0.2498449003171024
-2.24375	0.2491732628663089
-2.2425	0.247829987964722
-2.24125	0.2468225317885317
-2.24	0.2454792568869447
-2.23875	0.245143438161548
-2.2375	0.2458150756123415
-2.23625	0.246486713063135
-2.235	0.2471583505139285
-2.23375	0.2471583505139285
-2.2325	0.2474941692393252
-2.23125	0.2481658066901187
-2.23	0.2488374441409122
-2.22875	0.2488374441409122
-2.2275	0.2498449003171024
-2.22625	0.2505165377678959
-2.225	0.2498449003171024
-2.22375	0.2488374441409122
-2.2225	0.2481658066901187
-2.22125	0.2468225317885317
-2.22	0.2454792568869447
-2.21875	0.245143438161548
-2.2175	0.2458150756123415
-2.21625	0.246486713063135
-2.215	0.2468225317885317
-2.21375	0.2471583505139285
-2.2125	0.2474941692393252
-2.21125	0.2481658066901187
-2.21	0.2485016254155155
-2.20875	0.2488374441409122
-2.2075	0.2498449003171024
-2.20625	0.2505165377678959
-2.205	0.2498449003171024
-2.20375	0.2488374441409122
-2.2025	0.247829987964722
-2.20125	0.2471583505139285
-2.2	0.245143438161548
-2.19875	0.245143438161548
-2.1975	0.2458150756123415
-2.19625	0.246486713063135
-2.195	0.2468225317885317
-2.19375	0.2471583505139285
-2.1925	0.247829987964722
-2.19125	0.2481658066901187
-2.19	0.2488374441409122
-2.18875	0.2488374441409122
-2.1875	0.2498449003171024
-2.18625	0.2508523564932927
-2.185	0.2498449003171024
-2.18375	0.2488374441409122
-2.1825	0.247829987964722
-2.18125	0.2468225317885317
-2.18	0.245143438161548
-2.17875	0.245143438161548
-2.1775	0.2458150756123415
-2.17625	0.246486713063135
-2.175	0.2468225317885317
-2.17375	0.2471583505139285
-2.1725	0.2474941692393252
-2.17125	0.247829987964722
-2.17	0.2488374441409122
-2.16875	0.2488374441409122
-2.1675	0.2498449003171024
-2.16625	0.2505165377678959
-2.165	0.2498449003171024
-2.16375	0.2488374441409122
-2.1625	0.247829987964722
-2.16125	0.2471583505139285
-2.16	0.2454792568869447
-2.15875	0.245143438161548
-2.1575	0.2458150756123415
-2.15625	0.246486713063135
-2.155	0.2468225317885317
-2.15375	0.2471583505139285
-2.1525	0.247829987964722
-2.15125	0.2481658066901187
-2.15	0.2488374441409122
-2.14875	0.2488374441409122
-2.1475	0.2498449003171024
-2.14625	0.2505165377678959
-2.145	0.2498449003171024
-2.14375	0.2488374441409122
-2.1425	0.247829987964722
-2.14125	0.2468225317885317
-2.14	0.2454792568869447
-2.13875	0.245143438161548
-2.1375	0.2458150756123415
-2.13625	0.2468225317885317
-2.135	0.246486713063135
-2.13375	0.2471583505139285
-2.1325	0.2474941692393252
-2.13125	0.2485016254155155
-2.13	0.2485016254155155
-2.12875	0.2488374441409122
-2.1275	0.2498449003171024
-2.12625	0.2505165377678959
-2.125	0.2498449003171024
-2.12375	0.2488374441409122
-2.1225	0.2481658066901187
-2.12125	0.2468225317885317
-2.12	0.2454792568869447
-2.11875	0.245143438161548
-2.1175	0.2458150756123415
-2.11625	0.246486713063135
-2.115	0.2468225317885317
-2.11375	0.2471583505139285
-2.1125	0.2474941692393252
-2.11125	0.2481658066901187
-2.11	0.2485016254155155
-2.10875	0.2491732628663089
-2.1075	0.2498449003171024
-2.10625	0.2508523564932927
-2.105	0.2498449003171024
-2.10375	0.2488374441409122
-2.1025	0.247829987964722
-2.10125	0.2468225317885317
-2.1	0.2454792568869447
-2.09875	0.245143438161548
-2.0975	0.2461508943377382
-2.09625	0.2468225317885317
-2.095	0.2468225317885317
-2.09375	0.2471583505139285
-2.0925	0.2474941692393252
-2.09125	0.2481658066901187
-2.09	0.2488374441409122
-2.08875	0.2491732628663089
-2.0875	0.2498449003171024
-2.08625	0.2505165377678959
-2.085	0.2498449003171024
-2.08375	0.2488374441409122
-2.0825	0.247829987964722
-2.08125	0.2471583505139285
-2.08	0.2454792568869447
-2.07875	0.2454792568869447
-2.0775	0.2458150756123415
-2.07625	0.246486713063135
-2.075	0.2468225317885317
-2.07375	0.2474941692393252
-2.0725	0.247829987964722
-2.07125	0.2481658066901187
-2.07	0.2488374441409122
-2.06875	0.2488374441409122
-2.0675	0.2498449003171024
-2.06625	0.2508523564932927
-2.065	0.2501807190424992
-2.06375	0.2488374441409122
-2.0625	0.247829987964722
-2.06125	0.2471583505139285
-2.06	0.2454792568869447
-2.05875	0.245143438161548
-2.0575	0.2458150756123415
-2.05625	0.2468225317885317
-2.055	0.2468225317885317
-2.05375	0.2474941692393252
-2.0525	0.247829987964722
-2.05125	0.2481658066901187
-2.05	0.2485016254155155
-2.04875	0.2488374441409122
-2.0475	0.2498449003171024
-2.04625	0.2508523564932927
-2.045	0.2498449003171024
-2.04375	0.2488374441409122
-2.0425	0.247829987964722
-2.04125	0.2468225317885317
-2.04	0.2454792568869447
-2.03875	0.245143438161548
-2.0375	0.2458150756123415
-2.03625	0.2468225317885317
-2.035	0.2468225317885317
-2.03375	0.2471583505139285
-2.0325	0.247829987964722
-2.03125	0.247829987964722
-2.03	0.2485016254155155
-2.02875	0.2488374441409122
-2.0275	0.2498449003171024
-2.02625	0.2508523564932927
-2.025	0.2498449003171024
-2.02375	0.2488374441409122
-2.0225	0.2481658066901187
-2.02125	0.2471583505139285
-2.02	0.245143438161548
-2.01875	0.245143438161548
-2.0175	0.2458150756123415
-2.01625	0.246486713063135
-2.015	0.2468225317885317
-2.01375	0.2471583505139285
-2.0125	0.247829987964722
-2.01125	0.2481658066901187
-2.01	0.2485016254155155
-2.00875	0.2488374441409122
-2.0075	0.2498449003171024
-2.00625	0.2505165377678959
-2.005	0.2498449003171024
-2.00375	0.2488374441409122
-2.0025	0.247829987964722
-2.00125	0.2468225317885317
-2	0.2454792568869447
-1.99875	0.245143438161548
-1.9975	0.2458150756123415
-1.99625	0.246486713063135
-1.995	0.2468225317885317
-1.99375	0.2471583505139285
-1.9925	0.247829987964722
-1.99125	0.2481658066901187
-1.99	0.2488374441409122
-1.98875	0.2488374441409122
-1.9875	0.2498449003171024
-1.98625	0.2508523564932927
-1.985	0.2498449003171024
-1.98375	0.2488374441409122
-1.9825	0.247829987964722
-1.98125	0.2468225317885317
-1.98	0.2454792568869447
-1.97875	0.245143438161548
-1.9775	0.2458150756123415
-1.97625	0.246486713063135
-1.975	0.2468225317885317
-1.97375	0.2471583505139285
-1.9725	0.247829987964722
-1.97125	0.2481658066901187
-1.97	0.2488374441409122
-1.96875	0.2488374441409122
-1.9675	0.2495090815917057
-1.96625	0.2508523564932927
-1.965	0.2498449003171024
-1.96375	0.2488374441409122
-1.9625	0.247829987964722
-1.96125	0.2471583505139285
-1.96	0.2454792568869447
-1.95875	0.245143438161548
-1.9575	0.2458150756123415
-1.95625	0.2468225317885317
-1.955	0.2468225317885317
-1.95375	0.2471583505139285
-1.9525	0.247829987964722
-1.95125	0.2481658066901187
-1.95	0.2485016254155155
-1.94875	0.2488374441409122
-1.9475	0.2498449003171024
-1.94625	0.2508523564932927
-1.945	0.2498449003171024
-1.94375	0.2488374441409122
-1.9425	0.2481658066901187
-1.94125	0.2471583505139285
-1.94	0.2454792568869447
-1.93875	0.245143438161548
-1.9375	0.2458150756123415
-1.93625	0.246486713063135
-1.935	0.2468225317885317
-1.93375	0.2471583505139285
-1.9325	0.2474941692393252
-1.93125	0.247829987964722
-1.93	0.2485016254155155
-1.92875	0.2488374441409122
-1.9275	0.2498449003171024
-1.92625	0.2505165377678959
-1.925	0.2498449003171024
-1.92375	0.2491732628663089
-1.9225	0.2481658066901187
-1.92125	0.2471583505139285
-1.92	0.2454792568869447
-1.91875	0.245143438161548
-1.9175	0.2458150756123415
-1.91625	0.2468225317885317
-1.915	0.2468225317885317
-1.91375	0.2474941692393252
-1.9125	0.247829987964722
-1.91125	0.2481658066901187
-1.91	0.2485016254155155
-1.90875	0.2488374441409122
-1.9075	0.2498449003171024
-1.90625	0.2508523564932927
-1.905	0.2498449003171024
-1.90375	0.2488374441409122
-1.9025	0.247829987964722
-1.90125	0.2471583505139285
-1.9	0.2454792568869447
-1.89875	0.245143438161548
-1.8975	0.2458150756123415
-1.89625	0.246486713063135
-1.895	0.2468225317885317
-1.89375	0.2474941692393252
-1.8925	0.247829987964722
-1.89125	0.2481658066901187
-1.89	0.2488374441409122
-1.88875	0.2488374441409122
-1.8875	0.2498449003171024
-1.88625	0.2505165377678959
-1.885	0.2498449003171024
-1.88375	0.2488374441409122
-1.8825	0.247829987964722
-1.88125	0.2471583505139285
-1.88	0.2454792568869447
-1.87875	0.245143438161548
-1.8775	0.2458150756123415
-1.87625	0.246486713063135
-1.875	0.2468225317885317
-1.87375	0.2471583505139285
-1.8725	0.247829987964722
-1.87125	0.2481658066901187
-1.87	0.2488374441409122
-1.86875	0.2488374441409122
-1.8675	0.2495090815917057
-1.86625	0.2505165377678959
-1.865	0.2498449003171024
-1.86375	0.2488374441409122
-1.8625	0.247829987964722
-1.86125	0.2471583505139285
-1.86	0.2454792568869447
-1.85875	0.245143438161548
-1.8575	0.2458150756123415
-1.85625	0.246486713063135
-1.855	0.2468225317885317
-1.85375	0.2471583505139285
-1.8525	0.2474941692393252
-1.85125	0.247829987964722
-1.85	0.2488374441409122
-1.84875	0.2488374441409122
-1.8475	0.2495090815917057
-1.84625	0.2505165377678959
-1.845	0.2498449003171024
-1.84375	0.2488374441409122
-1.8425	0.247829987964722
-1.84125	0.2471583505139285
-1.84	0.2454792568869447
-1.83875	0.245143438161548
-1.8375	0.2458150756123415
-1.83625	0.246486713063135
-1.835	0.2468225317885317
-1.83375	0.2471583505139285
-1.8325	0.2474941692393252
-1.83125	0.247829987964722
-1.83	0.2485016254155155
-1.82875	0.2488374441409122
-1.8275	0.2495090815917057
-1.82625	0.2505165377678959
-1.825	0.2498449003171024
-1.82375	0.2488374441409122
-1.8225	0.247829987964722
-1.82125	0.2471583505139285
-1.82	0.245143438161548
-1.81875	0.245143438161548
-1.8175	0.2458150756123415
-1.81625	0.246486713063135
-1.815	0.2468225317885317
-1.81375	0.2471583505139285
-1.8125	0.2474941692393252
-1.81125	0.247829987964722
-1.81	0.2485016254155155
-1.80875	0.2488374441409122
-1.8075	0.2498449003171024
-1.80625	0.2505165377678959
-1.805	0.2498449003171024
-1.80375	0.2488374441409122
-1.8025	0.247829987964722
-1.80125	0.2468225317885317
-1.8	0.2454792568869447
-1.79875	0.245143438161548
-1.7975	0.2458150756123415
-1.79625	0.246486713063135
-1.795	0.2468225317885317
-1.79375	0.2471583505139285
-1.7925	0.2474941692393252
-1.79125	0.2481658066901187
-1.79	0.2485016254155155
-1.78875	0.2488374441409122
-1.7875	0.2495090815917057
-1.78625	0.2505165377678959
-1.785	0.2498449003171024
-1.78375	0.2488374441409122
-1.7825	0.247829987964722
-1.78125	0.2468225317885317
-1.78	0.2454792568869447
-1.77875	0.245143438161548
-1.7775	0.2458150756123415
-1.77625	0.246486713063135
-1.775	0.2468225317885317
-1.77375	0.2471583505139285
-1.7725	0.2474941692393252
-1.77125	0.2481658066901187
-1.77	0.2488374441409122
-1.76875	0.2488374441409122
-1.7675	0.2495090815917057
-1.76625	0.2505165377678959
-1.765	0.2498449003171024
-1.76375	0.2488374441409122
-1.7625	0.247829987964722
-1.76125	0.2471583505139285
-1.76	0.2454792568869447
-1.75875	0.245143438161548
-1.7575	0.2458150756123415
-1.75625	0.246486713063135
-1.755	0.2468225317885317
-1.75375	0.2471583505139285
-1.7525	0.2474941692393252
-1.75125	0.2481658066901187
-1.75	0.2485016254155155
-1.74875	0.2488374441409122
-1.7475	0.2495090815917057
-1.74625	0.2505165377678959
-1.745	0.2498449003171024
-1.74375	0.2488374441409122
-1.7425	0.247829987964722
-1.74125	0.2471583505139285
-1.74	0.2454792568869447
-1.73875	0.245143438161548
-1.7375	0.2458150756123415
-1.73625	0.246486713063135
-1.735	0.2468225317885317
-1.73375	0.2471583505139285
-1.7325	0.2474941692393252
-1.73125	0.247829987964722
-1.73	0.2485016254155155
-1.72875	0.2488374441409122
-1.7275	0.2495090815917057
-1.72625	0.2508523564932927
-1.725	0.2498449003171024
-1.72375	0.2488374441409122
-1.7225	0.247829987964722
-1.72125	0.2471583505139285
-1.72	0.2454792568869447
-1.71875	0.245143438161548
-1.7175	0.2454792568869447
-1.71625	0.246486713063135
-1.715	0.2468225317885317
-1.71375	0.2471583505139285
-1.7125	0.2474941692393252
-1.71125	0.247829987964722
-1.71	0.2485016254155155
-1.70875	0.2488374441409122
-1.7075	0.2495090815917057
-1.70625	0.2505165377678959
-1.705	0.2498449003171024
-1.70375	0.2488374441409122
-1.7025	0.247829987964722
-1.70125	0.2471583505139285
-1.7	0.2454792568869447
-1.69875	0.245143438161548
-1.6975	0.2454792568869447
-1.69625	0.246486713063135
-1.695	0.2468225317885317
-1.69375	0.2471583505139285
-1.6925	0.2474941692393252
-1.69125	0.247829987964722
-1.69	0.2485016254155155
-1.68875	0.2488374441409122
-1.6875	0.2495090815917057
-1.68625	0.2505165377678959
-1.685	0.2498449003171024
-1.68375	0.2488374441409122
-1.6825	0.247829987964722
-1.68125	0.2468225317885317
-1.68	0.2454792568869447
-1.67875	0.245143438161548
-1.6775	0.2458150756123415
-1.67625	0.246486713063135
-1.675	0.2468225317885317
-1.67375	0.2471583505139285
-1.6725	0.2474941692393252
-1.67125	0.247829987964722
-1.67	0.2485016254155155
-1.66875	0.2488374441409122
-1.6675	0.2495090815917057
-1.66625	0.2505165377678959
-1.665	0.2498449003171024
-1.66375	0.2488374441409122
-1.6625	0.247829987964722
-1.66125	0.2471583505139285
-1.66	0.2454792568869447
-1.65875	0.245143438161548
-1.6575	0.2454792568869447
-1.65625	0.246486713063135
-1.655	0.246486713063135
-1.65375	0.2471583505139285
-1.6525	0.2474941692393252
-1.65125	0.2481658066901187
-1.65	0.2485016254155155
-1.64875	0.2488374441409122
-1.6475	0.2495090815917057
-1.64625	0.2508523564932927
-1.645	0.2498449003171024
-1.64375	0.2488374441409122
-1.6425	0.247829987964722
-1.64125	0.2471583505139285
-1.64	0.2454792568869447
-1.63875	0.245143438161548
-1.6375	0.2454792568869447
-1.63625	0.246486713063135
-1.635	0.2468225317885317
-1.63375	0.2471583505139285
-1.6325	0.2474941692393252
-1.63125	0.247829987964722
-1.63	0.2485016254155155
-1.62875	0.2485016254155155
-1.6275	0.2495090815917057
-1.62625	0.2505165377678959
-1.625	0.2498449003171024
-1.62375	0.2488374441409122
-1.6225	0.247829987964722
-1.62125	0.2471583505139285
-1.62	0.2454792568869447
-1.61875	0.245143438161548
-1.6175	0.2458150756123415
-1.61625	0.246486713063135
-1.615	0.2468225317885317
-1.61375	0.2471583505139285
-1.6125	0.2474941692393252
-1.61125	0.247829987964722
-1.61	0.2485016254155155
-1.60875	0.2488374441409122
-1.6075	0.2495090815917057
-1.60625	0.2505165377678959
-1.605	0.2498449003171024
-1.60375	0.2488374441409122
-1.6025	0.247829987964722
-1.60125	0.2471583505139285
-1.6	0.245143438161548
-1.59875	0.2448076194361513
-1.5975	0.2454792568869447
-1.59625	0.246486713063135
-1.595	0.2468225317885317
-1.59375	0.2471583505139285
-1.5925	0.2474941692393252
-1.59125	0.247829987964722
-1.59	0.2485016254155155
-1.58875	0.2485016254155155
-1.5875	0.2495090815917057
-1.58625	0.2505165377678959
-1.585	0.2498449003171024
-1.58375	0.2488374441409122
-1.5825	0.247829987964722
-1.58125	0.2471583505139285
-1.58	0.2454792568869447
-1.57875	0.245143438161548
-1.5775	0.2454792568869447
-1.57625	0.246486713063135
-1.575	0.2468225317885317
-1.57375	0.2471583505139285
-1.5725	0.2474941692393252
-1.57125	0.247829987964722
-1.57	0.2485016254155155
-1.56875	0.2485016254155155
-1.5675	0.2495090815917057
-1.56625	0.2505165377678959
-1.565	0.2498449003171024
-1.56375	0.2488374441409122
-1.5625	0.247829987964722
-1.56125	0.2471583505139285
-1.56	0.2454792568869447
-1.55875	0.245143438161548
-1.5575	0.2454792568869447
-1.55625	0.246486713063135
-1.555	0.2468225317885317
-1.55375	0.2471583505139285
-1.5525	0.2474941692393252
-1.55125	0.247829987964722
-1.55	0.2485016254155155
-1.54875	0.2488374441409122
-1.5475	0.2495090815917057
-1.54625	0.2505165377678959
-1.545	0.2498449003171024
-1.54375	0.2488374441409122
-1.5425	0.247829987964722
-1.54125	0.2471583505139285
-1.54	0.2454792568869447
-1.53875	0.245143438161548
-1.5375	0.2454792568869447
-1.53625	0.246486713063135
-1.535	0.2468225317885317
-1.53375	0.2471583505139285
-1.5325	0.2474941692393252
-1.53125	0.247829987964722
-1.53	0.2485016254155155
-1.52875	0.2488374441409122
-1.5275	0.2495090815917057
-1.52625	0.2505165377678959
-1.525	0.2498449003171024
-1.52375	0.2488374441409122
-1.5225	0.247829987964722
-1.52125	0.2471583505139285
-1.52	0.2454792568869447
-1.51875	0.2448076194361513
-1.5175	0.2454792568869447
-1.51625	0.246486713063135
-1.515	0.246486713063135
-1.51375	0.2471583505139285
-1.5125	0.2474941692393252
-1.51125	0.247829987964722
-1.51	0.2485016254155155
-1.50875	0.2488374441409122
-1.5075	0.2495090815917057
-1.50625	0.2505165377678959
-1.505	0.2498449003171024
-1.50375	0.2488374441409122
-1.5025	0.247829987964722
-1.50125	0.2471583505139285
-1.5	0.2454792568869447
-1.49875	0.2448076194361513
-1.4975	0.2454792568869447
-1.49625	0.246486713063135
-1.495	0.2468225317885317
-1.49375	0.2471583505139285
-1.4925	0.2474941692393252
-1.49125	0.247829987964722
-1.49	0.2485016254155155
-1.48875	0.2488374441409122
-1.4875	0.2495090815917057
-1.48625	0.2505165377678959
-1.485	0.2498449003171024
-1.48375	0.2488374441409122
-1.4825	0.247829987964722
-1.48125	0.2471583505139285
-1.48	0.2454792568869447
-1.47875	0.245143438161548
-1.4775	0.2454792568869447
-1.47625	0.246486713063135
-1.475	0.2468225317885317
-1.47375	0.2471583505139285
-1.4725	0.2474941692393252
-1.47125	0.247829987964722
-1.47	0.2485016254155155
-1.46875	0.2485016254155155
-1.4675	0.2495090815917057
-1.46625	0.2505165377678959
-1.465	0.2498449003171024
-1.46375	0.2488374441409122
-1.4625	0.247829987964722
-1.46125	0.2471583505139285
-1.46	0.245143438161548
-1.45875	0.245143438161548
-1.4575	0.2454792568869447
-1.45625	0.246486713063135
-1.455	0.2468225317885317
-1.45375	0.2471583505139285
-1.4525	0.2474941692393252
-1.45125	0.247829987964722
-1.45	0.2485016254155155
-1.44875	0.2485016254155155
-1.4475	0.2495090815917057
-1.44625	0.2505165377678959
-1.445	0.2498449003171024
-1.44375	0.2488374441409122
-1.4425	0.247829987964722
-1.44125	0.2471583505139285
-1.44	0.2454792568869447
-1.43875	0.245143438161548
-1.4375	0.2454792568869447
-1.43625	0.246486713063135
-1.435	0.246486713063135
-1.43375	0.2471583505139285
-1.4325	0.2474941692393252
-1.43125	0.247829987964722
-1.43	0.2485016254155155
-1.42875	0.2485016254155155
-1.4275	0.2495090815917057
-1.42625	0.2505165377678959
-1.425	0.2498449003171024
-1.42375	0.2488374441409122
-1.4225	0.247829987964722
-1.42125	0.2471583505139285
-1.42	0.245143438161548
-1.41875	0.2448076194361513
-1.4175	0.2454792568869447
-1.41625	0.246486713063135
-1.415	0.2468225317885317
-1.41375	0.2471583505139285
-1.4125	0.2474941692393252
-1.41125	0.247829987964722
-1.41	0.2485016254155155
-1.40875	0.2485016254155155
-1.4075	0.2495090815917057
-1.40625	0.2505165377678959
-1.405	0.2498449003171024
-1.40375	0.2488374441409122
-1.4025	0.247829987964722
-1.40125	0.2471583505139285
-1.4	0.2454792568869447
-1.39875	0.245143438161548
-1.3975	0.2454792568869447
-1.39625	0.246486713063135
-1.395	0.246486713063135
-1.39375	0.2471583505139285
-1.3925	0.2474941692393252
-1.39125	0.247829987964722
-1.39	0.2485016254155155
-1.38875	0.2488374441409122
-1.3875	0.2495090815917057
-1.38625	0.2505165377678959
-1.385	0.2498449003171024
-1.38375	0.2488374441409122
-1.3825	0.247829987964722
-1.38125	0.2471583505139285
-1.38	0.2454792568869447
-1.37875	0.245143438161548
-1.3775	0.2454792568869447
-1.37625	0.246486713063135
-1.375	0.2468225317885317
-1.37375	0.2471583505139285
-1.3725	0.2474941692393252
-1.37125	0.247829987964722
-1.37	0.2485016254155155
-1.36875	0.2488374441409122
-1.3675	0.2495090815917057
-1.36625	0.2505165377678959
-1.365	0.2498449003171024
-1.36375	0.2488374441409122
-1.3625	0.247829987964722
-1.36125	0.2471583505139285
-1.36	0.2454792568869447
-1.35875	0.245143438161548
-1.3575	0.2454792568869447
-1.35625	0.246486713063135
-1.355	0.2468225317885317
-1.35375	0.2468225317885317
-1.3525	0.2474941692393252
-1.35125	0.247829987964722
-1.35	0.2485016254155155
-1.34875	0.2488374441409122
-1.3475	0.2495090815917057
-1.34625	0.2508523564932927
-1.345	0.2498449003171024
-1.34375	0.2488374441409122
-1.3425	0.247829987964722
-1.34125	0.2471583505139285
-1.34	0.2454792568869447
-1.33875	0.245143438161548
-1.3375	0.2454792568869447
-1.33625	0.246486713063135
-1.335	0.246486713063135
-1.33375	0.2471583505139285
-1.3325	0.2474941692393252
-1.33125	0.247829987964722
-1.33	0.2485016254155155
-1.32875	0.2488374441409122
-1.3275	0.2495090815917057
-1.32625	0.2505165377678959
-1.325	0.2498449003171024
-1.32375	0.2491732628663089
-1.3225	0.247829987964722
-1.32125	0.2471583505139285
-1.32	0.2454792568869447
-1.31875	0.2448076194361513
-1.3175	0.2454792568869447
-1.31625	0.246486713063135
-1.315	0.2468225317885317
-1.31375	0.2468225317885317
-1.3125	0.2474941692393252
-1.31125	0.247829987964722
-1.31	0.2485016254155155
-1.30875	0.2488374441409122
-1.3075	0.2495090815917057
-1.30625	0.2505165377678959
-1.305	0.2498449003171024
-1.30375	0.2491732628663089
-1.3025	0.2481658066901187
-1.30125	0.2471583505139285
-1.3	0.2458150756123415
-1.29875	0.2448076194361513
-1.2975	0.2454792568869447
-1.29625	0.2461508943377382
-1.295	0.246486713063135
-1.29375	0.2471583505139285
-1.2925	0.2474941692393252
-1.29125	0.247829987964722
-1.29	0.2485016254155155
-1.28875	0.2488374441409122
-1.2875	0.2495090815917057
-1.28625	0.2505165377678959
-1.285	0.2498449003171024
-1.28375	0.2491732628663089
-1.2825	0.247829987964722
-1.28125	0.2471583505139285
-1.28	0.2454792568869447
-1.27875	0.245143438161548
-1.2775	0.2454792568869447
-1.27625	0.246486713063135
-1.275	0.2468225317885317
-1.27375	0.2471583505139285
-1.2725	0.2474941692393252
-1.27125	0.247829987964722
-1.27	0.2485016254155155
-1.26875	0.2488374441409122
-1.2675	0.2495090815917057
-1.26625	0.2505165377678959
-1.265	0.2498449003171024
-1.26375	0.2488374441409122
-1.2625	0.247829987964722
-1.26125	0.2471583505139285
-1.26	0.245143438161548
-1.25875	0.245143438161548
-1.2575	0.2454792568869447
-1.25625	0.246486713063135
-1.255	0.2468225317885317
-1.25375	0.2471583505139285
-1.2525	0.2474941692393252
-1.25125	0.247829987964722
-1.25	0.2485016254155155
-1.24875	0.2488374441409122
-1.2475	0.2495090815917057
-1.24625	0.2505165377678959
-1.245	0.2498449003171024
-1.24375	0.2491732628663089
-1.2425	0.247829987964722
-1.24125	0.2471583505139285
-1.24	0.2454792568869447
-1.23875	0.245143438161548
-1.2375	0.2454792568869447
-1.23625	0.246486713063135
-1.235	0.2468225317885317
-1.23375	0.2471583505139285
-1.2325	0.2474941692393252
-1.23125	0.247829987964722
-1.23	0.2485016254155155
-1.22875	0.2488374441409122
-1.2275	0.2495090815917057
-1.22625	0.2508523564932927
-1.225	0.2498449003171024
-1.22375	0.2491732628663089
-1.2225	0.247829987964722
-1.22125	0.2471583505139285
-1.22	0.2454792568869447
-1.21875	0.245143438161548
-1.2175	0.2454792568869447
-1.21625	0.246486713063135
-1.215	0.246486713063135
-1.21375	0.2471583505139285
-1.2125	0.2474941692393252
-1.21125	0.247829987964722
-1.21	0.2485016254155155
-1.20875	0.2488374441409122
-1.2075	0.2495090815917057
-1.20625	0.2505165377678959
-1.205	0.2498449003171024
-1.20375	0.2488374441409122
-1.2025	0.247829987964722
-1.20125	0.2471583505139285
-1.2	0.2454792568869447
-1.19875	0.2448076194361513
-1.1975	0.2454792568869447
-1.19625	0.246486713063135
-1.195	0.2468225317885317
-1.19375	0.2468225317885317
-1.1925	0.2474941692393252
-1.19125	0.247829987964722
-1.19	0.2485016254155155
-1.18875	0.2488374441409122
-1.1875	0.2495090815917057
-1.18625	0.2508523564932927
-1.185	0.2498449003171024
-1.18375	0.2491732628663089
-1.1825	0.247829987964722
-1.18125	0.2471583505139285
-1.18	0.2454792568869447
-1.17875	0.245143438161548
-1.1775	0.2454792568869447
-1.17625	0.246486713063135
-1.175	0.246486713063135
-1.17375	0.2471583505139285
-1.1725	0.2474941692393252
-1.17125	0.247829987964722
-1.17	0.2485016254155155
-1.16875	0.2488374441409122
-1.1675	0.2495090815917057
-1.16625	0.2505165377678959
-1.165	0.2498449003171024
-1.16375	0.2491732628663089
-1.1625	0.247829987964722
-1.16125	0.2471583505139285
-1.16	0.2454792568869447
-1.15875	0.2448076194361513
-1.1575	0.2454792568869447
-1.15625	0.2461508943377382
-1.155	0.2468225317885317
-1.15375	0.2468225317885317
-1.1525	0.2474941692393252
-1.15125	0.247829987964722
-1.15	0.2485016254155155
-1.14875	0.2488374441409122
-1.1475	0.2495090815917057
-1.14625	0.2505165377678959
-1.145	0.2498449003171024
-1.14375	0.2491732628663089
-1.1425	0.247829987964722
-1.14125	0.2471583505139285
-1.14	0.2454792568869447
-1.13875	0.245143438161548
-1.1375	0.2454792568869447
-1.13625	0.246486713063135
-1.135	0.2468225317885317
-1.13375	0.2468225317885317
-1.1325	0.2474941692393252
-1.13125	0.247829987964722
-1.13	0.2485016254155155
-1.12875	0.2488374441409122
-1.1275	0.2495090815917057
-1.12625	0.2508523564932927
-1.125	0.2498449003171024
-1.12375	0.2491732628663089
-1.1225	0.247829987964722
-1.12125	0.2471583505139285
-1.12	0.2454792568869447
-1.11875	0.2448076194361513
-1.1175	0.2454792568869447
-1.11625	0.246486713063135
-1.115	0.2468225317885317
-1.11375	0.2471583505139285
-1.1125	0.2474941692393252
-1.11125	0.247829987964722
-1.11	0.2485016254155155
-1.10875	0.2488374441409122
-1.1075	0.2495090815917057
-1.10625	0.2505165377678959
-1.105	0.2498449003171024
-1.10375	0.2488374441409122
-1.1025	0.247829987964722
-1.10125	0.2471583505139285
-1.1	0.2454792568869447
-1.09875	0.245143438161548
-1.0975	0.2454792568869447
-1.09625	0.246486713063135
-1.095	0.2468225317885317
-1.09375	0.2471583505139285
-1.0925	0.2474941692393252
-1.09125	0.247829987964722
-1.09	0.2485016254155155
-1.08875	0.2488374441409122
-1.0875	0.2491732628663089
-1.08625	0.2508523564932927
-1.085	0.2498449003171024
-1.08375	0.2491732628663089
-1.0825	0.247829987964722
-1.08125	0.2471583505139285
-1.08	0.2454792568869447
-1.07875	0.245143438161548
-1.0775	0.2454792568869447
-1.07625	0.246486713063135
-1.075	0.2468225317885317
-1.07375	0.2468225317885317
-1.0725	0.2474941692393252
-1.07125	0.247829987964722
-1.07	0.2485016254155155
-1.06875	0.2488374441409122
-1.0675	0.2491732628663089
-1.06625	0.2505165377678959
-1.065	0.2498449003171024
-1.06375	0.2488374441409122
-1.0625	0.247829987964722
-1.06125	0.2471583505139285
-1.06	0.2454792568869447
-1.05875	0.245143438161548
-1.0575	0.245143438161548
-1.05625	0.246486713063135
-1.055	0.2468225317885317
-1.05375	0.2468225317885317
-1.0525	0.2474941692393252
-1.05125	0.247829987964722
-1.05	0.2485016254155155
-1.04875	0.2488374441409122
-1.0475	0.2491732628663089
-1.04625	0.2505165377678959
-1.045	0.2498449003171024
-1.04375	0.2488374441409122
-1.0425	0.247829987964722
-1.04125	0.2471583505139285
-1.04	0.2454792568869447
-1.03875	0.245143438161548
-1.0375	0.245143438161548
-1.03625	0.246486713063135
-1.035	0.2468225317885317
-1.03375	0.2471583505139285
-1.0325	0.2474941692393252
-1.03125	0.247829987964722
-1.03	0.2485016254155155
-1.02875	0.2488374441409122
-1.0275	0.2491732628663089
-1.02625	0.2505165377678959
-1.025	0.2498449003171024
-1.02375	0.2488374441409122
-1.0225	0.247829987964722
-1.02125	0.2471583505139285
-1.02	0.2454792568869447
-1.01875	0.2448076194361513
-1.0175	0.245143438161548
-1.01625	0.2461508943377382
-1.015	0.246486713063135
-1.01375	0.2468225317885317
-1.0125	0.2474941692393252
-1.01125	0.247829987964722
-1.01	0.2485016254155155
-1.00875	0.2488374441409122
-1.0075	0.2495090815917057
-1.00625	0.2508523564932927
-1.005	0.2498449003171024
-1.00375	0.2488374441409122
-1.0025	0.247829987964722
-1.00125	0.2471583505139285
-1	0.2454792568869447
-0.99875	0.2448076194361513
-0.9975000000000001	0.245143438161548
-0.99625	0.2461508943377382
-0.995	0.246486713063135
-0.99375	0.2468225317885317
-0.9925	0.2474941692393252
-0.99125	0.247829987964722
-0.99	0.2485016254155155
-0.98875	0.2488374441409122
-0.9875	0.2491732628663089
-0.98625	0.2505165377678959
-0.985	0.2498449003171024
-0.98375	0.2488374441409122
-0.9825	0.247829987964722
-0.98125	0.2471583505139285
-0.98	0.245143438161548
-0.97875	0.2448076194361513
-0.9775	0.245143438161548
-0.97625	0.2461508943377382
-0.975	0.246486713063135
-0.97375	0.2468225317885317
-0.9725	0.2474941692393252
-0.9712499999999999	0.2474941692393252
-0.97	0.2485016254155155
-0.96875	0.2488374441409122
-0.9675	0.2491732628663089
-0.9662500000000001	0.2505165377678959
-0.965	0.2498449003171024
-0.96375	0.2491732628663089
-0.9625	0.247829987964722
-0.96125	0.2471583505139285
-0.96	0.2454792568869447
-0.95875	0.2448076194361513
-0.9575	0.245143438161548
-0.95625	0.2461508943377382
-0.955	0.246486713063135
-0.95375	0.2468225317885317
-0.9525	0.2474941692393252
-0.95125	0.247829987964722
-0.95	0.2485016254155155
-0.94875	0.2485016254155155
-0.9475	0.2491732628663089
-0.94625	0.2505165377678959
-0.945	0.2498449003171024
-0.94375	0.2491732628663089
-0.9425	0.247829987964722
-0.94125	0.2471583505139285
-0.9399999999999999	0.245143438161548
-0.93875	0.2448076194361513
-0.9375	0.245143438161548
-0.93625	0.2461508943377382
-0.9350000000000001	0.246486713063135
-0.93375	0.2468225317885317
-0.9325	0.2474941692393252
-0.93125	0.247829987964722
-0.93	0.2485016254155155
-0.92875	0.2485016254155155
-0.9275	0.2491732628663089
-0.92625	0.2505165377678959
-0.925	0.2498449003171024
-0.92375	0.2488374441409122
-0.9225	0.247829987964722
-0.92125	0.2471583505139285
-0.92	0.245143438161548
-0.91875	0.2448076194361513
-0.9175	0.245143438161548
-0.91625	0.2461508943377382
-0.915	0.246486713063135
-0.91375	0.2468225317885317
-0.9125	0.2471583505139285
-0.91125	0.2474941692393252
-0.91	0.2485016254155155
-0.9087499999999999	0.2485016254155155
-0.9075	0.2491732628663089
-0.90625	0.2505165377678959
-0.905	0.2498449003171024
-0.9037500000000001	0.2488374441409122
-0.9025	0.247829987964722
-0.90125	0.2471583505139285
-0.9	0.245143438161548
-0.89875	0.2448076194361513
-0.8975	0.245143438161548
-0.89625	0.2461508943377382
-0.895	0.246486713063135
-0.89375	0.2468225317885317
-0.8925	0.2474941692393252
-0.89125	0.247829987964722
-0.89	0.2485016254155155
-0.88875	0.2485016254155155
-0.8875	0.2491732628663089
-0.88625	0.2505165377678959
-0.885	0.2498449003171024
-0.88375	0.2488374441409122
-0.8825	0.247829987964722
-0.88125	0.2471583505139285
-0.88	0.245143438161548
-0.87875	0.2448076194361513
-0.8774999999999999	0.245143438161548
-0.87625	0.2461508943377382
-0.875	0.246486713063135
-0.87375	0.2468225317885317
-0.8725000000000001	0.2471583505139285
-0.87125	0.247829987964722
-0.87	0.2485016254155155
-0.86875	0.2485016254155155
-0.8675	0.2491732628663089
-0.86625	0.2505165377678959
-0.865	0.2498449003171024
-0.86375	0.2491732628663089
-0.8625	0.247829987964722
-0.86125	0.2471583505139285
-0.86	0.245143438161548
-0.85875	0.2448076194361513
-0.8575	0.245143438161548
-0.85625	0.2461508943377382
-0.855	0.246486713063135
-0.85375	0.2468225317885317
-0.8525	0.2474941692393252
-0.85125	0.2474941692393252
-0.85	0.2485016254155155
-0.84875	0.2485016254155155
-0.8475	0.2491732628663089
-0.8462499999999999	0.2505165377678959
-0.845	0.2498449003171024
-0.84375	0.2488374441409122
-0.8425	0.247829987964722
-0.8412500000000001	0.2471583505139285
-0.84	0.245143438161548
-0.83875	0.2448076194361513
-0.8375	0.245143438161548
-0.83625	0.2461508943377382
-0.835	0.246486713063135
-0.83375	0.2468225317885317
-0.8325	0.2474941692393252
-0.83125	0.2474941692393252
-0.83	0.2485016254155155
-0.82875	0.2485016254155155
-0.8275	0.2491732628663089
-0.82625	0.2505165377678959
-0.825	0.2498449003171024
-0.82375	0.2491732628663089
-0.8225	0.247829987964722
-0.82125	0.2471583505139285
-0.82	0.245143438161548
-0.81875	0.2448076194361513
-0.8175	0.245143438161548
-0.81625	0.2461508943377382
-0.8149999999999999	0.246486713063135
-0.81375	0.2468225317885317
-0.8125	0.2474941692393252
-0.81125	0.2474941692393252
-0.8100000000000001	0.2485016254155155
-0.80875	0.2485016254155155
-0.8075	0.2491732628663089
-0.80625	0.2505165377678959
-0.805	0.2498449003171024
-0.80375	0.2491732628663089
-0.8025	0.247829987964722
-0.80125	0.2471583505139285
-0.8	0.245143438161548
-0.79875	0.2448076194361513
-0.7975	0.245143438161548
-0.79625	0.2461508943377382
-0.795	0.246486713063135
-0.79375	0.2468225317885317
-0.7925	0.2474941692393252
-0.79125	0.2474941692393252
-0.79	0.2485016254155155
-0.78875	0.2485016254155155
-0.7875	0.2491732628663089
-0.78625	0.2505165377678959
-0.785	0.2498449003171024
-0.7837499999999999	0.2491732628663089
-0.7825	0.247829987964722
-0.78125	0.2471583505139285
-0.78	0.245143438161548
-0.7787500000000001	0.2448076194361513
-0.7775	0.245143438161548
-0.77625	0.2461508943377382
-0.775	0.246486713063135
-0.77375	0.2468225317885317
-0.7725	0.2471583505139285
-0.77125	0.2474941692393252
-0.77	0.2485016254155155
-0.76875	0.2485016254155155
-0.7675	0.2491732628663089
-0.76625	0.2505165377678959
-0.765	0.2498449003171024
-0.76375	0.2488374441409122
-0.7625	0.247829987964722
-0.76125	0.2471583505139285
-0.76	0.245143438161548
-0.75875	0.2448076194361513
-0.7575	0.245143438161548
-0.75625	0.2461508943377382
-0.755	0.246486713063135
-0.75375	0.2468225317885317
-0.7524999999999999	0.2474941692393252
-0.75125	0.247829987964722
-0.75	0.2485016254155155
-0.74875	0.2485016254155155
-0.7475000000000001	0.2491732628663089
-0.74625	0.2505165377678959
-0.745	0.2498449003171024
-0.74375	0.2491732628663089
-0.7425	0.247829987964722
-0.74125	0.2471583505139285
-0.74	0.2454792568869447
-0.73875	0.2448076194361513
-0.7375	0.245143438161548
-0.73625	0.2461508943377382
-0.735	0.246486713063135
-0.73375	0.2468225317885317
-0.7325	0.2474941692393252
-0.73125	0.247829987964722
-0.73	0.2485016254155155
-0.72875	0.2488374441409122
-0.7275	0.2491732628663089
-0.72625	0.2505165377678959
-0.725	0.2498449003171024
-0.72375	0.2491732628663089
-0.7225	0.247829987964722
-0.7212499999999999	0.2471583505139285
-0.72	0.245143438161548
-0.71875	0.2448076194361513
-0.7175	0.245143438161548
-0.7162500000000001	0.2461508943377382
-0.715	0.246486713063135
-0.71375	0.2468225317885317
-0.7125	0.2474941692393252
-0.71125	0.2474941692393252
-0.71	0.2485016254155155
-0.70875	0.2485016254155155
-0.7075	0.2491732628663089
-0.70625	0.2505165377678959
-0.705	0.2498449003171024
-0.70375	0.2491732628663089
-0.7025	0.247829987964722
-0.70125	0.2471583505139285
-0.7	0.2454792568869447
-0.69875	0.2448076194361513
-0.6975	0.245143438161548
-0.69625	0.2461508943377382
-0.695	0.246486713063135
-0.69375	0.2468225317885317
-0.6925	0.2474941692393252
-0.69125	0.2474941692393252
-0.6899999999999999	0.2485016254155155
-0.68875	0.2485016254155155
-0.6875	0.2491732628663089
-0.68625	0.2505165377678959
-0.6850000000000001	0.2498449003171024
-0.68375	0.2491732628663089
-0.6825	0.247829987964722
-0.68125	0.2471583505139285
-0.68	0.2454792568869447
-0.67875	0.2448076194361513
-0.6775	0.245143438161548
-0.67625	0.2461508943377382
-0.675	0.246486713063135
-0.67375	0.2468225317885317
-0.6725	0.2474941692393252
-0.67125	0.247829987964722
-0.67	0.2485016254155155
-0.66875	0.2485016254155155
-0.6675	0.2491732628663089
-0.66625	0.2505165377678959
-0.665	0.2501807190424992
-0.66375	0.2491732628663089
-0.6625	0.247829987964722
-0.66125	0.2471583505139285
-0.66	0.2454792568869447
-0.6587499999999999	0.2448076194361513
-0.6575	0.245143438161548
-0.65625	0.2461508943377382
-0.655	0.246486713063135
-0.6537500000000001	0.2468225317885317
-0.6525	0.2471583505139285
-0.65125	0.2474941692393252
-0.65	0.2485016254155155
-0.64875	0.2488374441409122
-0.6475	0.2491732628663089
