-5	0.2458150756123415
-4.99875	0.246486713063135
-4.9975	0.2474941692393255
-4.99625	0.2481658066901187
-4.995	0.2488374441409122
-4.99375	0.2508523564932917
-4.9925	0.2505165377678959
-4.99125	0.2491732628663089
-4.99	0.2474941692393252
-4.98875	0.2468225317885303
-4.9875	0.243800163259961
-4.98625	0.2431285258091675
-4.985	0.2434643445345641
-4.98375	0.2448076194361514
-4.9825	0.245143438161548
-4.98125	0.2454792568869447
-4.98	0.2461508943377379
-4.97875	0.246486713063135
-4.9775	0.247829987964722
-4.97625	0.2481658066901187
-4.975	0.2488374441409131
-4.97375	0.2508523564932927
-4.9725	0.2501807190424992
-4.97125	0.2491732628663094
-4.97	0.247829987964722
-4.96875	0.2468225317885317
-4.9675	0.2441359819853578
-4.96625	0.242792707083771
-4.965	0.2431285258091675
-4.96375	0.2441359819853578
-4.9625	0.2444718007107543
-4.96125	0.2448076194361513
-4.96	0.2458150756123415
-4.95875	0.246486713063135
-4.9575	0.2474941692393255
-4.95625	0.2481658066901187
-4.955	0.2488374441409122
-4.95375	0.2511881752186884
-4.9525	0.2515239939440852
-4.95125	0.2495090815917057
-4.95	0.247829987964722
-4.94875	0.2468225317885322
-4.9475	0.2441359819853578
-4.94625	0.2431285258091675
-4.945	0.2434643445345643
-4.94375	0.2444718007107543
-4.9425	0.2441359819853578
-4.94125	0.2444718007107545
-4.94	0.2458150756123409
-4.93875	0.2461508943377382
-4.9375	0.2474941692393252
-4.93625	0.2481658066901187
-4.935	0.2488374441409131
-4.93375	0.2508523564932927
-4.9325	0.2505165377678959
-4.93125	0.2518598126694823
-4.93	0.2474941692393252
-4.92875	0.246486713063135
-4.9275	0.2441359819853578
-4.92625	0.2431285258091677
-4.925	0.2434643445345643
-4.92375	0.2448076194361513
-4.9225	0.2451434381615478
-4.92125	0.2454792568869447
-4.92	0.2454792568869447
-4.91875	0.2458150756123415
-4.9175	0.2468225317885313
-4.91625	0.2481658066901187
-4.915	0.2488374441409122
-4.91375	0.2505165377678959
-4.9125	0.2501807190425001
-4.91125	0.2521956313948797
-4.91	0.2474941692393252
-4.90875	0.246822531788532
-4.9075	0.243800163259961
-4.90625	0.2431285258091675
-4.905	0.2434643445345643
-4.90375	0.2448076194361514
-4.9025	0.245143438161548
-4.90125	0.245143438161548
-4.9	0.2458150756123412
-4.89875	0.246486713063135
-4.8975	0.2474941692393252
-4.89625	0.2481658066901187
-4.895	0.248837444140913
-4.89375	0.2505165377678959
-4.8925	0.2498449003171024
-4.89125	0.2488374441409127
-4.89	0.2474941692393249
-4.88875	0.2468225317885317
-4.8875	0.2441359819853578
-4.88625	0.243128525809168
-4.885	0.2417852509075805
-4.88375	0.2431285258091675
-4.8825	0.2444718007107545
-4.88125	0.2454792568869451
-4.88	0.2461508943377382
-4.87875	0.2468225317885317
-4.8775	0.2478299879647215
-4.87625	0.2481658066901187
-4.875	0.2488374441409122
-4.87375	0.2505165377678959
-4.8725	0.2501807190424988
-4.87125	0.2495090815917057
-4.87	0.247829987964722
-4.86875	0.2471583505139288
-4.8675	0.2441359819853578
-4.86625	0.2431285258091675
-4.865	0.2434643445345643
-4.86375	0.2448076194361514
-4.8625	0.245143438161548
-4.86125	0.2454792568869447
-4.86	0.2464867130631345
-4.85875	0.2468225317885322
-4.8575	0.247829987964722
-4.85625	0.2481658066901187
-4.855	0.2488374441409119
-4.85375	0.2505165377678959
-4.8525	0.2498449003171024
-4.85125	0.2491732628663089
-4.85	0.2471583505139282
-4.84875	0.246486713063135
-4.8475	0.243800163259961
-4.84625	0.2431285258091678
-4.845	0.2434643445345643
-4.84375	0.2448076194361513
-4.8425	0.245143438161548
-4.84125	0.2458150756123416
-4.84	0.2461508943377382
-4.83875	0.2468225317885317
-4.8375	0.2478299879647215
-4.83625	0.2481658066901187
-4.835	0.2488374441409122
-4.83375	0.2505165377678959
-4.8325	0.249844900317102
-4.83125	0.2488374441409122
-4.83	0.2471583505139285
-4.82875	0.2464867130631353
-4.8275	0.2438001632599607
-4.82625	0.2431285258091675
-4.825	0.2434643445345643
-4.82375	0.2448076194361506
-4.8225	0.245143438161548
-4.82125	0.2454792568869447
-4.82	0.246486713063135
-4.81875	0.2468225317885322
-4.8175	0.247829987964722
-4.81625	0.2481658066901187
-4.815	0.2488374441409119
-4.81375	0.2505165377678959
-4.8125	0.2498449003171024
-4.81125	0.2488374441409122
-4.81	0.2471583505139282
-4.80875	0.246486713063135
-4.8075	0.243800163259961
-4.80625	0.2431285258091678
-4.805	0.2434643445345643
-4.80375	0.2448076194361513
-4.8025	0.245143438161548
-4.80125	0.2458150756123418
-4.8	0.246486713063135
-4.79875	0.2468225317885317
-4.7975	0.2478299879647215
-4.79625	0.2481658066901189
-4.795	0.2485016254155155
-4.79375	0.2505165377678959
-4.7925	0.2498449003171027
-4.79125	0.2488374441409122
-4.79	0.2471583505139285
-4.78875	0.246486713063135
-4.7875	0.2438001632599607
-4.78625	0.2431285258091675
-4.785	0.2434643445345643
-4.78375	0.2448076194361506
-4.7825	0.245143438161548
-4.78125	0.2458150756123415
-4.78	0.2461508943377382
-4.77875	0.2468225317885322
-4.7775	0.247829987964722
-4.77625	0.2481658066901187
-4.775	0.2488374441409119
-4.77375	0.2501807190424992
-4.7725	0.2495090815917057
-4.77125	0.2488374441409122
-4.77	0.2471583505139282
-4.76875	0.246486713063135
-4.7675	0.243800163259961
-4.76625	0.2431285258091678
-4.765	0.2434643445345649
-4.76375	0.2448076194361513
-4.7625	0.245143438161548
-4.76125	0.2454792568869446
-4.76	0.246486713063135
-4.75875	0.2468225317885317
-4.7575	0.247829987964722
-4.75625	0.2481658066901189
-4.755	0.2485016254155155
-4.75375	0.2501807190424992
-4.7525	0.2498449003171026
-4.75125	0.2488374441409122
-4.75	0.2471583505139285
-4.74875	0.246486713063135
-4.7475	0.2438001632599607
-4.74625	0.2431285258091675
-4.745	0.2434643445345643
-4.74375	0.2448076194361506
-4.7425	0.2454792568869447
-4.74125	0.2458150756123415
-4.74	0.246486713063135
-4.73875	0.2468225317885322
-4.7375	0.247829987964722
-4.73625	0.2481658066901187
-4.735	0.2488374441409119
-4.73375	0.2505165377678955
-4.7325	0.2495090815917057
-4.73125	0.2488374441409122
-4.73	0.2471583505139293
-4.72875	0.246486713063135
-4.7275	0.243800163259961
-4.72625	0.2431285258091675
-4.725	0.2434643445345649
-4.72375	0.2448076194361513
-4.7225	0.245143438161548
-4.72125	0.2458150756123412
-4.72	0.246486713063135
-4.71875	0.2468225317885317
-4.7175	0.247829987964722
-4.71625	0.248165806690119
-4.715	0.2488374441409122
-4.71375	0.2505165377678959
-4.7125	0.2498449003171027
-4.71125	0.2488374441409122
-4.71	0.2471583505139285
-4.70875	0.246486713063135
-4.7075	0.2438001632599607
-4.70625	0.2431285258091675
-4.705	0.2434643445345643
-4.70375	0.2448076194361506
-4.7025	0.2451434381615482
-4.70125	0.2454792568869447
-4.7	0.246486713063135
-4.69875	0.246486713063135
-4.6975	0.247829987964722
-4.69625	0.247829987964722
-4.695	0.2485016254155155
-4.69375	0.2505165377678956
-4.6925	0.2498449003171024
-4.69125	0.2488374441409122
-4.69	0.2471583505139293
-4.68875	0.2461508943377382
-4.6875	0.243800163259961
-4.68625	0.2431285258091675
-4.685	0.2434643445345649
-4.68375	0.2448076194361513
-4.6825	0.245143438161548
-4.68125	0.2454792568869446
-4.68	0.2461508943377382
-4.67875	0.246486713063135
-4.6775	0.247829987964722
-4.67625	0.248165806690119
-4.675	0.2488374441409122
-4.67375	0.2505165377678959
-4.6725	0.2498449003171027
-4.67125	0.2488374441409114
-4.67	0.2471583505139285
-4.66875	0.246486713063135
-4.6675	0.2438001632599622
-4.66625	0.2431285258091675
-4.665	0.2434643445345643
-4.66375	0.2448076194361513
-4.6625	0.2451434381615483
-4.66125	0.2458150756123415
-4.66	0.246486713063135
-4.65875	0.246486713063135
-4.6575	0.247829987964722
-4.65625	0.2481658066901187
-4.655	0.2485016254155155
-4.65375	0.2505165377678956
-4.6525	0.2498449003171024
-4.65125	0.2488374441409122
-4.65	0.2471583505139293
-4.64875	0.246486713063135
-4.6475	0.243800163259961
-4.64625	0.2431285258091675
-4.645	0.2434643445345649
-4.64375	0.2448076194361513
-4.6425	0.245143438161548
-4.64125	0.2454792568869446
-4.64	0.2464867130631351
-4.63875	0.2468225317885317
-4.6375	0.247829987964722
-4.63625	0.2481658066901185
-4.635	0.2485016254155155
-4.63375	0.2505165377678959
-4.6325	0.2498449003171024
-4.63125	0.2488374441409114
-4.63	0.2471583505139285
-4.62875	0.246486713063135
-4.6275	0.2438001632599622
-4.62625	0.2431285258091675
-4.625	0.2434643445345643
-4.62375	0.2444718007107545
-4.6225	0.2451434381615482
-4.62125	0.2454792568869447
-4.62	0.246486713063135
-4.61875	0.2468225317885316
-4.6175	0.247829987964722
-4.61625	0.2481658066901187
-4.615	0.2488374441409122
-4.61375	0.250180719042499
-4.6125	0.2498449003171024
-4.61125	0.2488374441409122
-4.61	0.2471583505139293
-4.60875	0.2464867130631337
-4.6075	0.243800163259961
-4.60625	0.2431285258091675
-4.605	0.2434643445345641
-4.60375	0.2448076194361513
-4.6025	0.245143438161548
-4.60125	0.2454792568869447
-4.6	0.2461508943377384
-4.59875	0.246486713063135
-4.5975	0.247829987964722
-4.59625	0.247829987964722
-4.595	0.2485016254155155
-4.59375	0.2505165377678959
-4.5925	0.2498449003171024
-4.59125	0.2488374441409114
-4.59	0.2471583505139285
-4.58875	0.246486713063135
-4.5875	0.2438001632599622
-4.58625	0.2431285258091675
-4.585	0.2434643445345643
-4.58375	0.2448076194361513
-4.5825	0.2451434381615482
-4.58125	0.2454792568869447
-4.58	0.246486713063135
-4.57875	0.2468225317885316
-4.5775	0.2478299879647221
-4.57625	0.2481658066901187
-4.575	0.2485016254155155
-4.57375	0.250516537767895
-4.5725	0.2498449003171024
-4.57125	0.2488374441409122
-4.57	0.2471583505139285
-4.56875	0.2464867130631337
-4.5675	0.243800163259961
-4.56625	0.2431285258091675
-4.565	0.2434643445345641
-4.56375	0.2448076194361513
-4.5625	0.245143438161548
-4.56125	0.2454792568869447
-4.56	0.2461508943377385
-4.55875	0.2468225317885317
-4.5575	0.247829987964722
-4.55625	0.2481658066901185
-4.555	0.2485016254155155
-4.55375	0.2501807190424992
-4.5525	0.2498449003171024
-4.55125	0.2488374441409114
-4.55	0.2471583505139285
-4.54875	0.246486713063135
-4.5475	0.2438001632599622
-4.54625	0.2427927070837711
-4.545	0.2434643445345643
-4.54375	0.2444718007107545
-4.5425	0.2451434381615477
-4.54125	0.2454792568869447
-4.54	0.2461508943377382
-4.53875	0.246486713063135
-4.5375	0.2474941692393255
-4.53625	0.2481658066901187
-4.535	0.2485016254155155
-4.53375	0.2501807190424984
-4.5325	0.2498449003171024
-4.53125	0.2488374441409122
-4.53	0.2471583505139285
-4.52875	0.2464867130631337
-4.5275	0.243800163259961
-4.52625	0.2427927070837708
-4.525	0.2431285258091674
-4.52375	0.2444718007107545
-4.5225	0.245143438161548
-4.52125	0.2454792568869447
-4.52	0.2461508943377384
-4.51875	0.246486713063135
-4.5175	0.2474941692393252
-4.51625	0.2481658066901184
-4.515	0.2485016254155162
-4.51375	0.2501807190424992
-4.5125	0.2498449003171024
-4.51125	0.2488374441409127
-4.51	0.2471583505139285
-4.50875	0.246486713063135
-4.5075	0.243800163259961
-4.50625	0.242792707083771
-4.505	0.2431285258091675
-4.50375	0.2444718007107545
-4.5025	0.2451434381615477
-4.50125	0.2454792568869447
-4.5	0.2461508943377382
-4.49875	0.246486713063135
-4.4975	0.2474941692393254
-4.49625	0.247829987964722
-4.495	0.2485016254155155
-4.49375	0.2501807190424984
-4.4925	0.2498449003171024
-4.49125	0.2488374441409122
-4.49	0.2471583505139285
-4.48875	0.2461508943377372
-4.4875	0.243800163259961
-4.48625	0.2431285258091675
-4.485	0.2431285258091675
-4.48375	0.2444718007107548
-4.4825	0.245143438161548
-4.48125	0.2454792568869447
-4.48	0.2461508943377379
-4.47875	0.246486713063135
-4.4775	0.2474941692393252
-4.47625	0.247829987964722
-4.475	0.2485016254155162
-4.47375	0.2501807190424992
-4.4725	0.2498449003171024
-4.47125	0.2488374441409127
-4.47	0.2471583505139285
-4.46875	0.246486713063135
-4.4675	0.243800163259961
-4.46625	0.2431285258091675
-4.465	0.2431285258091675
-4.46375	0.2444718007107545
-4.4625	0.2448076194361511
-4.46125	0.2454792568869447
-4.46	0.2461508943377382
-4.45875	0.246486713063135
-4.4575	0.2474941692393254
-4.45625	0.247829987964722
-4.455	0.2485016254155155
-4.45375	0.2501807190424984
-4.4525	0.2498449003171023
-4.45125	0.2495090815917057
-4.45	0.2481658066901187
-4.44875	0.247158350513929
-4.4475	0.2441359819853578
-4.44625	0.242456888358374
-4.445	0.2421210696329773
-4.44375	0.2431285258091677
-4.4425	0.2434643445345643
-4.44125	0.243800163259961
-4.44	0.245479256886944
-4.43875	0.2458150756123415
-4.4375	0.2474941692393252
-4.43625	0.2485016254155155
-4.435	0.2495090815917071
-4.43375	0.2525314501202764
-4.4325	0.2525314501202764
-4.43125	0.2508523564932935
-4.43	0.2481658066901187
-4.42875	0.246486713063135
-4.4275	0.2427927070837708
-4.42625	0.2407777947313902
-4.425	0.2404419760059936
-4.42375	0.242456888358374
-4.4225	0.2434643445345638
-4.42125	0.2441359819853584
-4.42	0.2454792568869447
-4.41875	0.2461508943377382
-4.4175	0.2478299879647212
-4.41625	0.2485016254155155
-4.415	0.2498449003171024
-4.41375	0.2525314501202764
-4.4125	0.2521956313948787
-4.41125	0.2501807190424992
-4.41	0.2471583505139285
-4.40875	0.2464867130631353
-4.4075	0.2444718007107545
-4.40625	0.242456888358374
-4.405	0.2431285258091675
-4.40375	0.2438001632599599
-4.4025	0.2414494321821838
-4.40125	0.2454792568869447
-4.4	0.2461508943377379
-4.39875	0.2458150756123415
-4.3975	0.2474941692393252
-4.39625	0.247829987964722
-4.395	0.2481658066901196
-4.39375	0.2501807190424992
-4.3925	0.2495090815917057
-4.39125	0.2485016254155159
-4.39	0.2468225317885316
-4.38875	0.246486713063135
-4.3875	0.2441359819853578
-4.38625	0.243128525809168
-4.385	0.2434643445345643
-4.38375	0.2448076194361513
-4.3825	0.245143438161548
-4.38125	0.2454792568869451
-4.38	0.2461508943377382
-4.37875	0.246486713063135
-4.3775	0.2474941692393247
-4.37625	0.247829987964722
-4.375	0.2485016254155155
-4.37375	0.2498449003171024
-4.3725	0.2495090815917052
-4.37125	0.2485016254155155
-4.37	0.2471583505139285
-4.36875	0.2461508943377387
-4.3675	0.2441359819853578
-4.36625	0.2431285258091675
-4.365	0.2434643445345643
-4.36375	0.2448076194361514
-4.3625	0.245143438161548
-4.36125	0.2454792568869447
-4.36	0.2461508943377379
-4.35875	0.2464867130631354
-4.3575	0.2474941692393252
-4.35625	0.247829987964722
-4.355	0.2481658066901185
-4.35375	0.2498449003171024
-4.3525	0.2491732628663089
-4.35125	0.2485016254155155
-4.35	0.2471583505139282
-4.34875	0.246486713063135
-4.3475	0.2441359819853578
-4.34625	0.2434643445345646
-4.345	0.2434643445345643
-4.34375	0.2448076194361513
-4.3425	0.245143438161548
-4.34125	0.2454792568869451
-4.34	0.2461508943377382
-4.33875	0.246486713063135
-4.3375	0.2474941692393247
-4.33625	0.247829987964722
-4.335	0.2481658066901187
-4.33375	0.2495090815917057
-4.3325	0.2491732628663086
-4.33125	0.2485016254155155
-4.33	0.2468225317885317
-4.32875	0.2461508943377385
-4.3275	0.2441359819853575
-4.32625	0.2434643445345643
-4.325	0.2434643445345643
-4.32375	0.2448076194361506
-4.3225	0.2454792568869447
-4.32125	0.2454792568869447
-4.32	0.2461508943377382
-4.31875	0.2464867130631354
-4.3175	0.2474941692393252
-4.31625	0.247829987964722
-4.315	0.2481658066901185
-4.31375	0.2498449003171024
-4.3125	0.2495090815917057
-4.31125	0.2488374441409122
-4.31	0.2468225317885314
-4.30875	0.2461508943377382
-4.3075	0.2441359819853578
-4.30625	0.243128525809168
-4.305	0.2434643445345643
-4.30375	0.2444718007107545
-4.3025	0.245143438161548
-4.30125	0.2454792568869451
-4.3	0.2461508943377382
-4.29875	0.246486713063135
-4.2975	0.2474941692393247
-4.29625	0.2478299879647221
-4.295	0.2481658066901187
-4.29375	0.2498449003171024
-4.2925	0.2495090815917058
-4.29125	0.2485016254155155
-4.29	0.2471583505139285
-4.28875	0.246486713063135
-4.2875	0.2441359819853573
-4.28625	0.2431285258091675
-4.285	0.2434643445345643
-4.28375	0.244471800710754
-4.2825	0.245143438161548
-4.28125	0.2454792568869447
-4.28	0.2461508943377382
-4.27875	0.2464867130631354
-4.2775	0.2474941692393252
-4.27625	0.247829987964722
-4.275	0.2481658066901185
-4.27375	0.2498449003171024
-4.2725	0.2495090815917057
-4.27125	0.2485016254155155
-4.27	0.2468225317885316
-4.26875	0.246486713063135
-4.2675	0.243800163259961
-4.26625	0.2424568883583746
-4.265	0.2424568883583743
-4.26375	0.2431285258091675
-4.2625	0.2421210696329773
-4.26125	0.2699940238408944
-4.26	0.4708136216281604
-4.25875	1.013160863143903
-4.2575	1.833901828013547
-4.25625	2.628448932302301
-4.255	2.750686948346661
-4.25375	2.750686948346661
-4.2525	2.750686948346661
-4.25125	2.750686948346661
-4.25	2.750686948346661
-4.24875	2.750686948346661
-4.2475	2.750686948346661
-4.24625	2.750686948346661
-4.245	2.750686948346661
-4.24375	2.750686948346661
-4.2425	2.750686948346661
-4.24125	2.750686948346661
-4.24	2.750686948346661
-4.23875	2.750686948346661
-4.2375	2.750686948346661
-4.23625	2.750686948346661
-4.235	2.750686948346661
-4.23375	2.750686948346661
-4.2325	2.750686948346661
-4.23125	2.750686948346661
-4.23	2.750686948346661
-4.22875	2.418226410203883
-4.2275	1.481963803797759
-4.22625	0.6921181616646153
-4.225	0.2961878844218261
-4.22375	0.2367479700266294
-4.2225	0.2397703385552001
-4.22125	0.2438001632599592
-4.22	0.2454792568869447
-4.21875	0.2461508943377382
-4.2175	0.2471583505139285
-4.21625	0.2478299879647221
-4.215	0.2481658066901187
-4.21375	0.2498449003171024
-4.2125	0.2491732628663093
-4.21125	0.2485016254155155
-4.21	0.2468225317885317
-4.20875	0.2461508943377382
-4.2075	0.2438001632599607
-4.20625	0.2431285258091675
-4.205	0.2434643445345643
-4.20375	0.2448076194361506
-4.2025	0.2451434381615482
-4.20125	0.2454792568869447
-4.2	0.2461508943377382
-4.19875	0.2464867130631348
-4.1975	0.2474941692393252
-4.19625	0.247829987964722
-4.195	0.2481658066901187
-4.19375	0.2498449003171023
-4.1925	0.2495090815917057
-4.19125	0.2485016254155155
-4.19	0.2471583505139291
-4.18875	0.246486713063135
-4.1875	0.2441359819853578
-4.18625	0.2434643445345643
-4.185	0.2438001632599615
-4.18375	0.2448076194361513
-4.1825	0.2454792568869447
-4.18125	0.2454792568869447
-4.18	0.2461508943377382
-4.17875	0.246486713063135
-4.1775	0.2474941692393252
-4.17625	0.2478299879647221
-4.175	0.2481658066901187
-4.17375	0.2495090815917057
-4.1725	0.2495090815917057
-4.17125	0.2485016254155148
-4.17	0.2471583505139285
-4.16875	0.246486713063135
-4.1675	0.2441359819853589
-4.16625	0.2434643445345643
-4.165	0.243800163259961
-4.16375	0.2448076194361513
-4.1625	0.2454792568869449
-4.16125	0.2458150756123415
-4.16	0.2461508943377382
-4.15875	0.2464867130631348
-4.1575	0.2474941692393252
-4.15625	0.247829987964722
-4.155	0.2481658066901187
-4.15375	0.2498449003171023
-4.1525	0.2495090815917057
-4.15125	0.2485016254155155
-4.15	0.2471583505139291
-4.14875	0.246486713063135
-4.1475	0.2444718007107545
-4.14625	0.2434643445345643
-4.145	0.2434643445345649
-4.14375	0.2448076194361513
-4.1425	0.2454792568869447
-4.14125	0.2454792568869447
-4.14	0.2461508943377384
-4.13875	0.246486713063135
-4.1375	0.2474941692393252
-4.13625	0.2478299879647218
-4.135	0.2481658066901187
-4.13375	0.2495090815917057
-4.1325	0.2495090815917057
-4.13125	0.2485016254155148
-4.13	0.2471583505139285
-4.12875	0.246486713063135
-4.1275	0.2444718007107554
-4.12625	0.2434643445345643
-4.125	0.243800163259961
-4.12375	0.2448076194361513
-4.1225	0.2454792568869447
-4.12125	0.2454792568869447
-4.12	0.2461508943377382
-4.11875	0.2464867130631348
-4.1175	0.2474941692393252
-4.11625	0.247829987964722
-4.115	0.2481658066901187
-4.11375	0.2498449003171023
-4.1125	0.2495090815917057
-4.11125	0.2485016254155155
-4.11	0.2471583505139291
-4.10875	0.246486713063134
-4.1075	0.2444718007107545
-4.10625	0.2434643445345643
-4.105	0.2438001632599608
-4.10375	0.2448076194361513
-4.1025	0.2454792568869447
-4.10125	0.2458150756123415
-4.1	0.2461508943377385
-4.09875	0.2468225317885317
-4.0975	0.2474941692393252
-4.09625	0.2478299879647218
-4.095	0.2481658066901187
-4.09375	0.2498449003171024
-4.0925	0.2495090815917057
-4.09125	0.2485016254155148
-4.09	0.2471583505139285
-4.08875	0.246486713063135
-4.0875	0.2444718007107554
-4.08625	0.2434643445345643
-4.085	0.243800163259961
-4.08375	0.2448076194361513
-4.0825	0.2454792568869449
-4.08125	0.2458150756123415
-4.08	0.2461508943377382
-4.07875	0.2464867130631348
-4.0775	0.2474941692393254
-4.07625	0.247829987964722
-4.075	0.2481658066901187
-4.07375	0.2495090815917051
-4.0725	0.2495090815917057
-4.07125	0.2485016254155155
-4.07	0.2471583505139285
-4.06875	0.246486713063134
-4.0675	0.2444718007107545
-4.06625	0.2434643445345643
-4.065	0.2438001632599608
-4.06375	0.2448076194361513
-4.0625	0.2454792568869447
-4.06125	0.2458150756123415
-4.06	0.2461508943377384
-4.05875	0.246486713063135
-4.0575	0.2474941692393252
-4.05625	0.2478299879647218
-4.055	0.2481658066901187
-4.05375	0.2495090815917057
-4.0525	0.2495090815917057
-4.05125	0.2485016254155148
-4.05	0.2471583505139285
-4.04875	0.246486713063135
-4.0475	0.2444718007107554
-4.04625	0.2434643445345644
-4.045	0.243800163259961
-4.04375	0.2448076194361513
-4.0425	0.2451434381615478
-4.04125	0.2458150756123415
-4.04	0.2461508943377382
-4.03875	0.246486713063135
-4.0375	0.2474941692393254
-4.03625	0.247829987964722
-4.035	0.2481658066901187
-4.03375	0.2495090815917051
-4.0325	0.2491732628663089
-4.03125	0.2485016254155155
-4.03	0.2471583505139285
-4.02875	0.246486713063134
-4.0275	0.2444718007107545
-4.02625	0.2434643445345643
-4.025	0.2438001632599608
-4.02375	0.2448076194361513
-4.0225	0.2454792568869447
-4.02125	0.2458150756123415
-4.02	0.246486713063135
-4.01875	0.246486713063135
-4.0175	0.2474941692393252
-4.01625	0.2478299879647218
-4.015	0.2481658066901193
-4.01375	0.2495090815917057
-4.0125	0.2495090815917057
-4.01125	0.2485016254155159
-4.01	0.2471583505139285
-4.00875	0.246486713063135
-4.0075	0.2444718007107545
-4.00625	0.243800163259961
-4.005	0.243800163259961
-4.00375	0.2448076194361513
-4.0025	0.2454792568869444
-4.00125	0.2458150756123415
-4	0.2461508943377382
-3.99875	0.246486713063135
-3.9975	0.2471583505139285
-3.99625	0.247829987964722
-3.995	0.2481658066901187
-3.99375	0.2495090815917057
-3.9925	0.2495090815917057
-3.99125	0.2485016254155155
-3.99	0.2471583505139285
-3.98875	0.246486713063135
-3.9875	0.2444718007107545
-3.98625	0.2434643445345643
-3.985	0.243800163259961
-3.98375	0.2448076194361513
-3.9825	0.2454792568869447
-3.98125	0.2458150756123415
-3.98	0.2461508943377382
-3.97875	0.246486713063135
-3.9775	0.2474941692393252
-3.97625	0.247829987964722
-3.975	0.2481658066901187
-3.97375	0.2495090815917057
-3.9725	0.2495090815917057
-3.97125	0.2485016254155155
-3.97	0.2471583505139285
-3.96875	0.246486713063135
-3.9675	0.2444718007107545
-3.96625	0.243800163259961
-3.965	0.243800163259961
-3.96375	0.2448076194361513
-3.9625	0.2454792568869447
-3.96125	0.2458150756123415
-3.96	0.2461508943377382
-3.95875	0.246486713063135
-3.9575	0.2474941692393252
-3.95625	0.247829987964722
-3.955	0.247829987964722
-3.95375	0.2491732628663089
-3.9525	0.2491732628663089
-3.95125	0.2485016254155155
-3.95	0.2471583505139285
-3.94875	0.246486713063135
-3.9475	0.2444718007107545
-3.94625	0.2434643445345643
-3.945	0.243800163259961
-3.94375	0.2448076194361513
-3.9425	0.246486713063135
-3.94125	1.501777108596167
-3.94	2.748000398543486
-3.93875	2.750686948346661
-3.9375	2.750686948346661
-3.93625	2.750686948346661
-3.935	2.750686948346661
-3.93375	2.750686948346661
-3.9325	2.750686948346661
-3.93125	2.750686948346661
-3.93	2.750686948346661
-3.92875	2.598561065741935
-3.9275	0.7549162633138065
-3.92625	0.243800163259961
-3.925	0.243800163259961
-3.92375	0.2448076194361513
-3.9225	0.2454792568869447
-3.92125	0.2458150756123415
-3.92	0.2461508943377382
-3.91875	0.246486713063135
-3.9175	0.2471583505139285
-3.91625	0.2474941692393252
-3.915	0.2481658066901187
-3.91375	0.2495090815917057
-3.9125	0.2491732628663089
-3.91125	0.2485016254155155
-3.91	0.2471583505139285
-3.90875	0.246486713063135
-3.9075	0.2444718007107545
-3.90625	0.243800163259961
-3.905	0.243800163259961
-3.90375	0.2448076194361513
-3.9025	0.2454792568869447
-3.90125	0.2458150756123415
-3.9	0.2461508943377382
-3.89875	0.246486713063135
-3.8975	0.2471583505139285
-3.89625	0.2474941692393252
-3.895	0.2481658066901187
-3.89375	0.2491732628663089
-3.8925	0.2491732628663089
-3.89125	0.2481658066901187
-3.89	0.2471583505139285
-3.88875	0.246486713063135
-3.8875	0.2444718007107545
-3.88625	0.243800163259961
-3.885	0.243800163259961
-3.88375	0.245143438161548
-3.8825	0.2454792568869447
-3.88125	0.2458150756123415
-3.88	0.2461508943377382
-3.87875	0.246486713063135
-3.8775	0.2471583505139285
-3.87625	0.2474941692393252
-3.875	0.2481658066901187
-3.87375	0.2491732628663089
-3.8725	0.2491732628663089
-3.87125	0.2485016254155155
-3.87	0.2471583505139285
-3.86875	0.246486713063135
-3.8675	0.2444718007107545
-3.86625	0.243800163259961
-3.865	0.243800163259961
-3.86375	0.245143438161548
-3.8625	0.2454792568869447
-3.86125	0.2458150756123415
-3.86	0.2461508943377382
-3.85875	0.246486713063135
-3.8575	0.2471583505139285
-3.85625	0.247829987964722
-3.855	0.247829987964722
-3.85375	0.2491732628663089
-3.8525	0.2491732628663089
-3.85125	0.2485016254155155
-3.85	0.2471583505139285
-3.84875	0.246486713063135
-3.8475	0.2448076194361513
-3.84625	0.243800163259961
-3.845	0.243800163259961
-3.84375	0.2448076194361513
-3.8425	0.2454792568869447
-3.84125	0.2458150756123415
-3.84	0.2461508943377382
-3.83875	0.246486713063135
-3.8375	0.2471583505139285
-3.83625	0.2474941692393252
-3.835	0.2481658066901187
-3.83375	0.2495090815917057
-3.8325	0.2495090815917057
-3.83125	0.2485016254155155
-3.83	0.2471583505139285
-3.82875	0.246486713063135
-3.8275	0.2444718007107545
-3.82625	0.243800163259961
-3.825	0.2441359819853578
-3.82375	0.2448076194361513
-3.8225	0.2454792568869447
-3.82125	0.2458150756123415
-3.82	0.246486713063135
-3.81875	0.246486713063135
-3.8175	0.2471583505139285
-3.81625	0.2474941692393252
-3.815	0.247829987964722
-3.81375	0.2491732628663089
-3.8125	0.2491732628663089
-3.81125	0.2485016254155155
-3.81	0.2471583505139285
-3.80875	0.246486713063135
-3.8075	0.2444718007107545
-3.80625	0.243800163259961
-3.805	0.243800163259961
-3.80375	0.2448076194361513
-3.8025	0.245143438161548
-3.80125	0.2454792568869447
-3.8	0.2461508943377382
-3.79875	0.246486713063135
-3.7975	0.2471583505139285
-3.79625	0.2474941692393252
-3.795	0.247829987964722
-3.79375	0.2491732628663089
-3.7925	0.2491732628663089
-3.79125	0.2481658066901187
-3.79	0.2468225317885317
-3.78875	0.246486713063135
-3.7875	0.2444718007107545
-3.78625	0.243800163259961
-3.785	0.243800163259961
-3.78375	0.2448076194361513
-3.7825	0.245143438161548
-3.78125	0.2454792568869447
-3.78	0.2461508943377382
-3.77875	0.246486713063135
-3.7775	0.2471583505139285
-3.77625	0.2474941692393252
-3.775	0.247829987964722
-3.77375	0.2488374441409122
-3.7725	0.2491732628663089
-3.77125	0.2481658066901187
-3.77	0.2471583505139285
-3.76875	0.246486713063135
-3.7675	0.2444718007107545
-3.76625	0.2434643445345643
-3.765	0.243800163259961
-3.76375	0.2448076194361513
-3.7625	0.245143438161548
-3.76125	0.2454792568869447
-3.76	0.2461508943377382
-3.75875	0.246486713063135
-3.7575	0.2471583505139285
-3.75625	0.2474941692393252
-3.755	0.247829987964722
-3.75375	0.2488374441409122
-3.7525	0.2491732628663089
-3.75125	0.2485016254155155
-3.75	0.2468225317885317
-3.74875	0.2461508943377382
-3.7475	0.2444718007107545
-3.74625	0.243800163259961
-3.745	0.243800163259961
-3.74375	0.2448076194361513
-3.7425	0.2454792568869447
-3.74125	0.2454792568869447
-3.74	0.2461508943377382
-3.73875	0.246486713063135
-3.7375	0.2471583505139285
-3.73625	0.2474941692393252
-3.735	0.2474941692393252
-3.73375	0.2488374441409122
-3.7325	0.2488374441409122
-3.73125	0.2481658066901187
-3.73	0.2468225317885317
-3.72875	0.246486713063135
-3.7275	0.2444718007107545
-3.72625	0.243800163259961
-3.725	0.243800163259961
-3.72375	0.2448076194361513
-3.7225	0.245143438161548
-3.72125	0.2454792568869447
-3.72	0.2461508943377382
-3.71875	0.2461508943377382
-3.7175	0.2471583505139285
-3.71625	0.2474941692393252
-3.715	0.247829987964722
-3.71375	0.2488374441409122
-3.7125	0.2488374441409122
-3.71125	0.2481658066901187
-3.71	0.2468225317885317
-3.70875	0.246486713063135
-3.7075	0.2444718007107545
-3.70625	0.4640972471202255
-3.705	2.557255362518136
-3.70375	2.750686948346661
-3.7025	2.750686948346661
-3.70125	2.750686948346661
-3.7	2.750686948346661
-3.69875	2.750686948346661
-3.6975	2.750686948346661
-3.69625	1.342934851483506
-3.695	0.247829987964722
-3.69375	0.2488374441409122
-3.6925	0.2488374441409122
-3.69125	0.2481658066901187
-3.69	0.2468225317885317
-3.68875	0.2461508943377382
-3.6875	0.2448076194361513
-3.68625	0.243800163259961
-3.685	0.243800163259961
-3.68375	0.2448076194361513
-3.6825	0.245143438161548
-3.68125	0.2454792568869447
-3.68	0.2461508943377382
-3.67875	0.2461508943377382
-3.6775	0.2471583505139285
-3.67625	0.2474941692393252
-3.675	0.2474941692393252
-3.67375	0.2488374441409122
-3.6725	0.2488374441409122
-3.67125	0.2481658066901187
-3.67	0.2468225317885317
-3.66875	0.2461508943377382
-3.6675	0.2444718007107545
-3.66625	0.243800163259961
-3.665	0.243800163259961
-3.66375	0.2448076194361513
-3.6625	0.245143438161548
-3.66125	0.2454792568869447
-3.66	0.2461508943377382
-3.65875	0.2461508943377382
-3.6575	0.2471583505139285
-3.65625	0.2474941692393252
-3.655	0.2474941692393252
-3.65375	0.2488374441409122
-3.6525	0.2488374441409122
-3.65125	0.2481658066901187
-3.65	0.2468225317885317
-3.64875	0.246486713063135
-3.6475	0.2444718007107545
-3.64625	0.243800163259961
-3.645	0.243800163259961
-3.64375	0.2448076194361513
-3.6425	0.245143438161548
-3.64125	0.2454792568869447
-3.64	0.2458150756123415
-3.63875	0.246486713063135
-3.6375	0.2471583505139285
-3.63625	0.2474941692393252
-3.635	0.2474941692393252
-3.63375	0.2488374441409122
-3.6325	0.2488374441409122
-3.63125	0.2481658066901187
-3.63	0.2471583505139285
-3.62875	0.2461508943377382
-3.6275	0.2444718007107545
-3.62625	0.243800163259961
-3.625	0.243800163259961
-3.62375	0.2448076194361513
-3.6225	0.245143438161548
-3.62125	0.2454792568869447
-3.62	0.2458150756123415
-3.61875	0.2461508943377382
-3.6175	0.2471583505139285
-3.61625	0.2474941692393252
-3.615	0.2474941692393252
-3.61375	0.2488374441409122
-3.6125	0.2488374441409122
-3.61125	0.2481658066901187
-3.61	0.2468225317885317
-3.60875	0.2461508943377382
-3.6075	0.2448076194361513
-3.60625	0.243800163259961
-3.605	0.243800163259961
-3.60375	0.2448076194361513
-3.6025	0.245143438161548
-3.60125	0.2454792568869447
-3.6	0.2461508943377382
-3.59875	0.2461508943377382
-3.5975	0.2468225317885317
-3.59625	0.2474941692393252
-3.595	0.2474941692393252
-3.59375	0.2488374441409122
-3.5925	0.2488374441409122
-3.59125	0.2481658066901187
-3.59	0.2468225317885317
-3.58875	0.246486713063135
-3.5875	0.2448076194361513
-3.58625	0.243800163259961
-3.585	0.243800163259961
-3.58375	0.2448076194361513
-3.5825	0.245143438161548
-3.58125	0.2454792568869447
-3.58	0.2461508943377382
-3.57875	0.2461508943377382
-3.5775	0.2468225317885317
-3.57625	0.2471583505139285
-3.575	0.2474941692393252
-3.57375	0.2488374441409122
-3.5725	0.2488374441409122
-3.57125	0.2481658066901187
-3.57	0.2468225317885317
-3.56875	0.246486713063135
-3.5675	0.2444718007107545
-3.56625	0.243800163259961
-3.565	0.243800163259961
-3.56375	0.2448076194361513
-3.5625	0.245143438161548
-3.56125	0.2454792568869447
-3.56	0.2458150756123415
-3.55875	0.2461508943377382
-3.5575	0.2468225317885317
-3.55625	0.2471583505139285
-3.555	0.2474941692393252
-3.55375	0.2485016254155155
-3.5525	0.2488374441409122
-3.55125	0.2481658066901187
-3.55	0.2468225317885317
-3.54875	0.246486713063135
-3.5475	0.2444718007107545
-3.54625	0.243800163259961
-3.545	0.243800163259961
-3.54375	0.2448076194361513
-3.5425	0.245143438161548
-3.54125	0.2454792568869447
-3.54	0.2458150756123415
-3.53875	0.2461508943377382
-3.5375	0.2468225317885317
-3.53625	0.2471583505139285
-3.535	0.2474941692393252
-3.53375	0.2485016254155155
-3.5325	0.2488374441409122
-3.53125	0.2481658066901187
-3.53	0.2468225317885317
-3.52875	0.2461508943377382
-3.5275	0.2444718007107545
-3.52625	0.243800163259961
-3.525	0.243800163259961
-3.52375	1.962856218565897
-3.5225	2.750686948346661
-3.52125	2.750686948346661
-3.52	2.750686948346661
-3.51875	2.750686948346661
-3.5175	2.750686948346661
-3.51625	1.755656064996106
-3.515	0.2474941692393252
-3.51375	0.2488374441409122
-3.5125	0.2488374441409122
-3.51125	0.2481658066901187
-3.51	0.2468225317885317
-3.50875	0.2461508943377382
-3.5075	0.2444718007107545
-3.50625	0.243800163259961
-3.505	0.243800163259961
-3.50375	0.2448076194361513
-3.5025	0.245143438161548
-3.50125	0.2454792568869447
-3.5	0.2458150756123415
-3.49875	0.2461508943377382
-3.4975	0.2468225317885317
-3.49625	0.2471583505139285
-3.495	0.2474941692393252
-3.49375	0.2485016254155155
-3.4925	0.2488374441409122
-3.49125	0.247829987964722
-3.49	0.2468225317885317
-3.48875	0.2461508943377382
-3.4875	0.2444718007107545
-3.48625	0.243800163259961
-3.485	0.243800163259961
-3.48375	0.2444718007107545
-3.4825	0.245143438161548
-3.48125	0.2454792568869447
-3.48	0.2458150756123415
-3.47875	0.2461508943377382
-3.4775	0.2468225317885317
-3.47625	0.2471583505139285
-3.475	0.2471583505139285
-3.47375	0.2485016254155155
-3.4725	0.2488374441409122
-3.47125	0.2481658066901187
-3.47	0.2468225317885317
-3.46875	0.2461508943377382
-3.4675	0.2444718007107545
-3.46625	0.243800163259961
-3.465	0.243800163259961
-3.46375	0.2448076194361513
-3.4625	0.245143438161548
-3.46125	0.2454792568869447
-3.46	0.2458150756123415
-3.45875	0.2461508943377382
-3.4575	0.2468225317885317
-3.45625	0.2471583505139285
-3.455	0.2471583505139285
-3.45375	0.2485016254155155
-3.4525	0.2488374441409122
-3.45125	0.247829987964722
-3.45	0.2468225317885317
-3.44875	0.2461508943377382
-3.4475	0.2444718007107545
-3.44625	0.2434643445345643
-3.445	0.243800163259961
-3.44375	0.2444718007107545
-3.4425	0.245143438161548
-3.44125	0.2454792568869447
-3.44	0.2458150756123415
-3.43875	0.2461508943377382
-3.4375	0.2468225317885317
-3.43625	0.2471583505139285
-3.435	0.2474941692393252
-3.43375	0.2485016254155155
-3.4325	0.2488374441409122
-3.43125	0.2481658066901187
-3.43	0.2468225317885317
-3.42875	0.2461508943377382
-3.4275	0.2448076194361513
-3.42625	0.2434643445345643
-3.425	0.243800163259961
-3.42375	0.2444718007107545
-3.4225	0.245143438161548
-3.42125	0.245143438161548
-3.42	0.2458150756123415
-3.41875	0.2461508943377382
-3.4175	0.2468225317885317
-3.41625	0.2471583505139285
-3.415	0.2471583505139285
-3.41375	0.2485016254155155
-3.4125	0.2488374441409122
-3.41125	0.2481658066901187
-3.41	0.2468225317885317
-3.40875	0.2461508943377382
-3.4075	0.2448076194361513
-3.40625	1.458792311745383
-3.405	2.750686948346661
-3.40375	2.750686948346661
-3.4025	2.750686948346661
-3.40125	2.750686948346661
-3.4	2.663374079743507
-3.39875	0.4923060200535521
-3.3975	0.2468225317885317
-3.39625	0.2471583505139285
-3.395	0.2474941692393252
-3.39375	0.2485016254155155
-3.3925	0.2485016254155155
-3.39125	0.2481658066901187
-3.39	0.2468225317885317
-3.38875	0.2461508943377382
-3.3875	0.2444718007107545
-3.38625	0.2434643445345643
-3.385	0.2434643445345643
-3.38375	0.2444718007107545
-3.3825	0.245143438161548
-3.38125	0.245143438161548
-3.38	0.2458150756123415
-3.37875	0.2458150756123415
-3.3775	0.2468225317885317
-3.37625	0.2471583505139285
-3.375	0.2474941692393252
-3.37375	0.2485016254155155
-3.3725	0.2485016254155155
-3.37125	0.247829987964722
-3.37	0.2468225317885317
-3.36875	0.2461508943377382
-3.3675	0.2444718007107545
-3.36625	0.2434643445345643
-3.365	0.2434643445345643
-3.36375	0.2444718007107545
-3.3625	0.245143438161548
-3.36125	0.2454792568869447
-3.36	0.2458150756123415
-3.35875	0.2461508943377382
-3.3575	0.2468225317885317
-3.35625	0.2471583505139285
-3.355	0.2474941692393252
-3.35375	0.2485016254155155
-3.3525	0.2488374441409122
-3.35125	0.2481658066901187
-3.35	0.2468225317885317
-3.34875	0.2461508943377382
-3.3475	0.2444718007107545
-3.34625	0.243800163259961
-3.345	0.2434643445345643
-3.34375	0.2444718007107545
-3.3425	0.245143438161548
-3.34125	0.2454792568869447
-3.34	0.2458150756123415
-3.33875	0.2461508943377382
-3.3375	0.2468225317885317
-3.33625	0.2471583505139285
-3.335	0.2474941692393252
-3.33375	0.2485016254155155
-3.3325	0.2488374441409122
-3.33125	0.2481658066901187
-3.33	0.2468225317885317
-3.32875	0.2461508943377382
-3.3275	0.2448076194361513
-3.32625	0.243800163259961
-3.325	0.243800163259961
-3.32375	0.2448076194361513
-3.3225	0.245143438161548
-3.32125	0.2454792568869447
-3.32	0.2458150756123415
-3.31875	0.2448076194361513
-3.3175	0.2488374441409122
-3.31625	0.2488374441409122
-3.315	0.2488374441409122
-3.31375	0.2505165377678959
-3.3125	0.2495090815917057
-3.31125	0.2468225317885317
-3.31	0.2461508943377382
-3.30875	0.2461508943377382
-3.3075	0.243800163259961
-3.30625	0.2431285258091675
-3.305	0.2421210696329773
-3.30375	0.243800163259961
-3.3025	0.243800163259961
-3.30125	0.2444718007107545
-3.3	0.2441359819853578
-3.29875	0.2444718007107545
-3.2975	0.2454792568869447
-3.29625	0.2454792568869447
-3.295	0.2461508943377382
-3.29375	0.2471583505139285
-3.2925	0.2471583505139285
-3.29125	0.246486713063135
-3.29	0.2454792568869447
-3.28875	0.2448076194361513
-3.2875	0.2434643445345643
-3.28625	0.2421210696329773
-3.285	0.2421210696329773
-3.28375	0.2431285258091675
-3.2825	0.2434643445345643
-3.28125	0.243800163259961
-3.28	0.2444718007107545
-3.27875	0.2444718007107545
-3.2775	0.2454792568869447
-3.27625	0.2458150756123415
-3.275	0.2458150756123415
-3.27375	0.2471583505139285
-3.2725	0.2471583505139285
-3.27125	0.246486713063135
-3.27	0.2454792568869447
-3.26875	0.2448076194361513
-3.2675	0.2431285258091675
-3.26625	0.2421210696329773
-3.265	0.2421210696329773
-3.26375	0.2431285258091675
-3.2625	0.2434643445345643
-3.26125	0.2441359819853578
-3.26	0.2441359819853578
-3.25875	0.2444718007107545
-3.2575	0.2454792568869447
-3.25625	0.2458150756123415
-3.255	0.2458150756123415
-3.25375	0.2471583505139285
-3.2525	0.2471583505139285
-3.25125	0.2468225317885317
-3.25	0.2454792568869447
-3.24875	0.2448076194361513
-3.2475	0.2427927070837708
-3.24625	0.2421210696329773
-3.245	0.2421210696329773
-3.24375	0.2431285258091675
-3.2425	0.2434643445345643
-3.24125	0.243800163259961
-3.24	0.2444718007107545
-3.23875	0.2444718007107545
-3.2375	0.245143438161548
-3.23625	0.2454792568869447
-3.235	0.2458150756123415
-3.23375	0.2471583505139285
-3.2325	0.2471583505139285
-3.23125	0.2468225317885317
-3.23	0.2454792568869447
-3.22875	0.2444718007107545
-3.2275	0.2431285258091675
-3.22625	0.2421210696329773
-3.225	0.2421210696329773
-3.22375	0.2431285258091675
-3.2225	0.2434643445345643
-3.22125	0.243800163259961
-3.22	0.2444718007107545
-3.21875	0.2448076194361513
-3.2175	0.2454792568869447
-3.21625	0.2458150756123415
-3.215	0.2458150756123415
-3.21375	0.2468225317885317
-3.2125	0.2471583505139285
-3.21125	0.2468225317885317
-3.21	0.2454792568869447
-3.20875	0.2448076194361513
-3.2075	0.2434643445345643
-3.20625	0.242456888358374
-3.205	0.2417852509075805
-3.20375	0.2431285258091675
-3.2025	0.243800163259961
-3.20125	0.2441359819853578
-3.2	0.2441359819853578
-3.19875	0.2448076194361513
-3.1975	0.245143438161548
-3.19625	0.2458150756123415
-3.195	0.2458150756123415
-3.19375	0.2471583505139285
-3.1925	0.2471583505139285
-3.19125	0.246486713063135
-3.19	0.2454792568869447
-3.18875	0.2448076194361513
-3.1875	0.2434643445345643
-3.18625	0.2421210696329773
-3.185	0.2421210696329773
-3.18375	0.2431285258091675
-3.1825	0.243800163259961
-3.18125	0.2441359819853578
-3.18	0.2441359819853578
-3.17875	0.2448076194361513
-3.1775	0.245143438161548
-3.17625	0.2454792568869447
-3.175	0.2458150756123415
-3.17375	0.2471583505139285
-3.1725	0.2474941692393252
-3.17125	0.2468225317885317
-3.17	0.2454792568869447
-3.16875	0.2448076194361513
-3.1675	0.2434643445345643
-3.16625	0.242456888358374
-3.165	0.2421210696329773
-3.16375	0.2431285258091675
-3.1625	0.2434643445345643
-3.16125	0.243800163259961
-3.16	0.2444718007107545
-3.15875	0.2448076194361513
-3.1575	0.2454792568869447
-3.15625	0.2458150756123415
-3.155	0.2461508943377382
-3.15375	0.2471583505139285
-3.1525	0.2474941692393252
-3.15125	0.246486713063135
-3.15	0.2454792568869447
-3.14875	0.245143438161548
-3.1475	0.2434643445345643
-3.14625	0.2421210696329773
-3.145	0.2421210696329773
-3.14375	0.2431285258091675
-3.1425	0.243800163259961
-3.14125	0.243800163259961
-3.14	0.2441359819853578
-3.13875	0.2448076194361513
-3.1375	0.245143438161548
-3.13625	0.2458150756123415
-3.135	0.2458150756123415
-3.13375	0.2468225317885317
-3.1325	0.2474941692393252
-3.13125	0.246486713063135
-3.13	0.2454792568869447
-3.12875	0.2448076194361513
-3.1275	0.2434643445345643
-3.12625	0.242456888358374
-3.125	0.2421210696329773
-3.12375	0.2434643445345643
-3.1225	0.2434643445345643
-3.12125	0.243800163259961
-3.12	0.2441359819853578
-3.11875	0.2448076194361513
-3.1175	0.245143438161548
-3.11625	0.2458150756123415
-3.115	0.2461508943377382
-3.11375	0.2471583505139285
-3.1125	0.2474941692393252
-3.11125	0.2468225317885317
-3.11	0.2454792568869447
-3.10875	0.2448076194361513
-3.1075	0.2434643445345643
-3.10625	0.242456888358374
-3.105	0.2421210696329773
-3.10375	0.2434643445345643
-3.1025	0.243800163259961
-3.10125	0.243800163259961
-3.1	0.2441359819853578
-3.09875	0.2448076194361513
-3.0975	0.245143438161548
-3.09625	0.2458150756123415
-3.095	0.2458150756123415
-3.09375	0.2471583505139285
-3.0925	0.2474941692393252
-3.09125	0.2468225317885317
-3.09	0.2454792568869447
-3.08875	0.2448076194361513
-3.0875	0.2434643445345643
-3.08625	0.242456888358374
-3.085	0.242456888358374
-3.08375	0.2431285258091675
-3.0825	0.243800163259961
-3.08125	0.243800163259961
-3.08	0.2444718007107545
-3.07875	0.2448076194361513
-3.0775	0.2454792568869447
-3.07625	0.2458150756123415
-3.075	0.2458150756123415
-3.07375	0.2471583505139285
-3.0725	0.2471583505139285
-3.07125	0.2468225317885317
-3.07	0.2454792568869447
-3.06875	0.2448076194361513
-3.0675	0.2434643445345643
-3.06625	0.242456888358374
-3.065	0.242456888358374
-3.06375	0.2434643445345643
-3.0625	0.243800163259961
-3.06125	0.243800163259961
-3.06	0.2444718007107545
-3.05875	0.2448076194361513
-3.0575	0.2454792568869447
-3.05625	0.2458150756123415
-3.055	0.2458150756123415
-3.05375	0.2468225317885317
-3.0525	0.2474941692393252
-3.05125	0.2468225317885317
-3.05	0.2454792568869447
-3.04875	0.2448076194361513
-3.0475	0.2434643445345643
-3.04625	0.2421210696329773
-3.045	0.2421210696329773
-3.04375	0.2431285258091675
-3.0425	0.243800163259961
-3.04125	0.2441359819853578
-3.04	0.2444718007107545
-3.03875	0.2448076194361513
-3.0375	0.245143438161548
-3.03625	0.2458150756123415
-3.035	0.2461508943377382
-3.03375	0.2471583505139285
-3.0325	0.2474941692393252
-3.03125	0.246486713063135
-3.03	0.2454792568869447
-3.02875	0.2448076194361513
-3.0275	0.2434643445345643
-3.02625	0.242456888358374
-3.025	0.2421210696329773
-3.02375	0.2431285258091675
-3.0225	0.243800163259961
-3.02125	0.2441359819853578
-3.02	0.2444718007107545
-3.01875	0.2448076194361513
-3.0175	0.2454792568869447
-3.01625	0.2458150756123415
-3.015	0.2458150756123415
-3.01375	0.2471583505139285
-3.0125	0.2474941692393252
-3.01125	0.2468225317885317
-3.01	0.2454792568869447
-3.00875	0.2448076194361513
-3.0075	0.2434643445345643
-3.00625	0.242456888358374
-3.005	0.2421210696329773
-3.00375	0.2431285258091675
-3.0025	0.243800163259961
-3.00125	0.2441359819853578
-3	0.2444718007107545
-2.99875	0.2448076194361513
-2.9975	0.2454792568869447
-2.99625	0.2458150756123415
-2.995	0.2458150756123415
-2.99375	0.2471583505139285
-2.9925	0.2474941692393252
-2.99125	0.2471583505139285
-2.99	0.2458150756123415
-2.98875	0.2448076194361513
-2.9875	0.243800163259961
-2.98625	0.242456888358374
-2.985	0.242456888358374
-2.98375	0.2431285258091675
-2.9825	0.243800163259961
-2.98125	0.2441359819853578
-2.98	0.2444718007107545
-2.97875	0.2448076194361513
-2.9775	0.2454792568869447
-2.97625	0.2458150756123415
-2.975	0.2461508943377382
-2.97375	0.2471583505139285
-2.9725	0.2474941692393252
-2.97125	0.2468225317885317
-2.97	0.2454792568869447
-2.96875	0.2448076194361513
-2.9675	0.2434643445345643
-2.96625	0.242456888358374
-2.965	0.242456888358374
-2.96375	0.2431285258091675
-2.9625	0.243800163259961
-2.96125	0.2441359819853578
-2.96	0.2444718007107545
-2.95875	0.2448076194361513
-2.9575	0.245143438161548
-2.95625	0.2458150756123415
-2.955	0.2461508943377382
-2.95375	0.2471583505139285
-2.9525	0.2474941692393252
-2.95125	0.2468225317885317
-2.95	0.2454792568869447
-2.94875	0.2448076194361513
-2.9475	0.2434643445345643
-2.94625	0.242456888358374
-2.945	0.242456888358374
-2.94375	0.2431285258091675
-2.9425	0.243800163259961
-2.94125	0.2441359819853578
-2.94	0.2444718007107545
-2.93875	0.2448076194361513
-2.9375	0.2454792568869447
-2.93625	0.2461508943377382
-2.935	0.2461508943377382
-2.93375	0.2471583505139285
-2.9325	0.2474941692393252
-2.93125	0.2468225317885317
-2.93	0.2458150756123415
-2.92875	0.2448076194361513
-2.9275	0.2434643445345643
-2.92625	0.242456888358374
-2.925	0.242456888358374
-2.92375	0.2431285258091675
-2.9225	0.243800163259961
-2.92125	0.243800163259961
-2.92	0.2444718007107545
-2.91875	0.2448076194361513
-2.9175	0.2454792568869447
-2.91625	0.2458150756123415
-2.915	0.2461508943377382
-2.91375	0.2471583505139285
-2.9125	0.2474941692393252
-2.91125	0.2468225317885317
-2.91	0.2458150756123415
-2.90875	0.2448076194361513
-2.9075	0.2434643445345643
-2.90625	0.2421210696329773
-2.905	0.2421210696329773
-2.90375	0.2431285258091675
-2.9025	0.243800163259961
-2.90125	0.2441359819853578
-2.9	0.2444718007107545
-2.89875	0.2448076194361513
-2.8975	0.2454792568869447
-2.89625	0.2458150756123415
-2.895	0.2458150756123415
-2.89375	0.2471583505139285
-2.8925	0.2474941692393252
-2.89125	0.2471583505139285
-2.89	0.2458150756123415
-2.88875	0.2448076194361513
-2.8875	0.2434643445345643
-2.88625	0.242456888358374
-2.885	0.2421210696329773
-2.88375	0.2431285258091675
-2.8825	0.243800163259961
-2.88125	0.2441359819853578
-2.88	0.2444718007107545
-2.87875	0.2448076194361513
-2.8775	0.2454792568869447
-2.87625	0.2458150756123415
-2.875	0.2461508943377382
-2.87375	0.2471583505139285
-2.8725	0.247829987964722
-2.87125	0.2468225317885317
-2.87	0.2458150756123415
-2.86875	0.2448076194361513
-2.8675	0.2434643445345643
-2.86625	0.242456888358374
-2.865	0.2421210696329773
-2.86375	0.2431285258091675
-2.8625	0.243800163259961
-2.86125	0.2441359819853578
-2.86	0.2444718007107545
-2.85875	0.245143438161548
-2.8575	0.2454792568869447
-2.85625	0.2458150756123415
-2.855	0.2461508943377382
-2.85375	0.2471583505139285
-2.8525	0.247829987964722
-2.85125	0.2468225317885317
-2.85	0.2458150756123415
-2.84875	0.2448076194361513
-2.8475	0.243800163259961
-2.84625	0.242456888358374
-2.845	0.2421210696329773
-2.84375	0.2434643445345643
-2.8425	0.243800163259961
-2.84125	0.2441359819853578
-2.84	0.2444718007107545
-2.83875	0.2448076194361513
-2.8375	0.2454792568869447
-2.83625	0.2458150756123415
-2.835	0.2461508943377382
-2.83375	0.2471583505139285
-2.8325	0.247829987964722
-2.83125	0.2471583505139285
-2.83	0.2458150756123415
-2.82875	0.2448076194361513
-2.8275	0.243800163259961
-2.82625	0.242456888358374
-2.825	0.2421210696329773
-2.82375	0.2431285258091675
-2.8225	0.243800163259961
-2.82125	0.2441359819853578
-2.82	0.2444718007107545
-2.81875	0.2448076194361513
-2.8175	0.2454792568869447
-2.81625	0.2461508943377382
-2.815	0.2461508943377382
-2.81375	0.2471583505139285
-2.8125	0.2474941692393252
-2.81125	0.2468225317885317
-2.81	0.2458150756123415
-2.80875	0.2448076194361513
-2.8075	0.243800163259961
-2.80625	0.2421210696329773
-2.805	0.2421210696329773
-2.80375	0.2431285258091675
-2.8025	0.243800163259961
-2.80125	0.243800163259961
-2.8	0.2444718007107545
-2.79875	0.2448076194361513
-2.7975	0.2454792568869447
-2.79625	0.2458150756123415
-2.795	0.2461508943377382
-2.79375	0.2471583505139285
-2.7925	0.247829987964722
-2.79125	0.2468225317885317
-2.79	0.2454792568869447
-2.78875	0.2448076194361513
-2.7875	0.243800163259961
-2.78625	0.242456888358374
-2.785	0.242456888358374
-2.78375	0.2431285258091675
-2.7825	0.243800163259961
-2.78125	0.2441359819853578
-2.78	0.2444718007107545
-2.77875	0.2448076194361513
-2.7775	0.2454792568869447
-2.77625	0.2458150756123415
-2.775	0.2461508943377382
-2.77375	0.2471583505139285
-2.7725	0.2474941692393252
-2.77125	0.2471583505139285
-2.77	0.2454792568869447
-2.76875	0.2448076194361513
-2.7675	0.243800163259961
-2.76625	0.242456888358374
-2.765	0.242456888358374
-2.76375	0.2431285258091675
-2.7625	0.243800163259961
-2.76125	0.243800163259961
-2.76	0.2444718007107545
-2.75875	0.2448076194361513
-2.7575	0.2454792568869447
-2.75625	0.2461508943377382
-2.755	0.2461508943377382
-2.75375	0.2471583505139285
-2.7525	0.2474941692393252
-2.75125	0.2468225317885317
-2.75	0.2458150756123415
-2.74875	0.245143438161548
-2.7475	0.2434643445345643
-2.74625	0.242456888358374
-2.745	0.2421210696329773
-2.74375	0.2431285258091675
-2.7425	0.243800163259961
-2.74125	0.2441359819853578
-2.74	0.2448076194361513
-2.73875	0.2448076194361513
-2.7375	0.245143438161548
-2.73625	0.2458150756123415
-2.735	0.2461508943377382
-2.73375	0.2471583505139285
-2.7325	0.2474941692393252
-2.73125	0.2471583505139285
-2.73	0.2458150756123415
-2.72875	0.2448076194361513
-2.7275	0.243800163259961
-2.72625	0.242456888358374
-2.725	0.2421210696329773
-2.72375	0.2431285258091675
-2.7225	0.243800163259961
-2.72125	0.2441359819853578
-2.72	0.2444718007107545
-2.71875	0.2448076194361513
-2.7175	0.2454792568869447
-2.71625	0.2458150756123415
-2.715	0.2461508943377382
-2.71375	0.2471583505139285
-2.7125	0.2474941692393252
-2.71125	0.2468225317885317
-2.71	0.2454792568869447
-2.70875	0.245143438161548
-2.7075	0.243800163259961
-2.70625	0.2421210696329773
-2.705	0.2421210696329773
-2.70375	0.2431285258091675
-2.7025	0.243800163259961
-2.70125	0.243800163259961
-2.7	0.2444718007107545
-2.69875	0.2448076194361513
-2.6975	0.2454792568869447
-2.69625	0.2458150756123415
-2.695	0.2461508943377382
-2.69375	0.2471583505139285
-2.6925	0.247829987964722
-2.69125	0.2468225317885317
-2.69	0.2458150756123415
-2.68875	0.2448076194361513
-2.6875	0.243800163259961
-2.68625	0.242456888358374
-2.685	0.2421210696329773
-2.68375	0.2431285258091675
-2.6825	0.243800163259961
-2.68125	0.243800163259961
-2.68	0.2444718007107545
-2.67875	0.2448076194361513
-2.6775	0.245143438161548
-2.67625	0.2458150756123415
-2.675	0.2461508943377382
-2.67375	0.2471583505139285
-2.6725	0.2474941692393252
-2.67125	0.2471583505139285
-2.67	0.2458150756123415
-2.66875	0.2448076194361513
-2.6675	0.243800163259961
-2.66625	0.242456888358374
-2.665	0.2421210696329773
-2.66375	0.2431285258091675
-2.6625	0.2434643445345643
-2.66125	0.243800163259961
-2.66	0.2444718007107545
-2.65875	0.2448076194361513
-2.6575	0.245143438161548
-2.65625	0.2458150756123415
-2.655	0.2458150756123415
-2.65375	0.2471583505139285
-2.6525	0.247829987964722
-2.65125	0.2471583505139285
-2.65	0.2458150756123415
-2.64875	0.2448076194361513
-2.6475	0.243800163259961
-2.64625	0.242456888358374
-2.645	0.2421210696329773
-2.64375	0.2431285258091675
-2.6425	0.243800163259961
-2.64125	0.243800163259961
-2.64	0.2444718007107545
-2.63875	0.2448076194361513
-2.6375	0.245143438161548
-2.63625	0.2458150756123415
-2.635	0.2461508943377382
-2.63375	0.2471583505139285
-2.6325	0.2474941692393252
-2.63125	0.2468225317885317
-2.63	0.2458150756123415
-2.62875	0.2448076194361513
-2.6275	0.243800163259961
-2.62625	0.242456888358374
-2.625	0.2421210696329773
-2.62375	0.2431285258091675
-2.6225	0.243800163259961
-2.62125	0.243800163259961
-2.62	0.2444718007107545
-2.61875	0.2448076194361513
-2.6175	0.245143438161548
-2.61625	0.2458150756123415
-2.615	0.2461508943377382
-2.61375	0.2471583505139285
-2.6125	0.2474941692393252
-2.61125	0.2471583505139285
-2.61	0.2458150756123415
-2.60875	0.2448076194361513
-2.6075	0.243800163259961
-2.60625	0.242456888358374
-2.605	0.2421210696329773
-2.60375	0.2431285258091675
-2.6025	0.2434643445345643
-2.60125	0.243800163259961
-2.6	0.2444718007107545
-2.59875	0.2448076194361513
-2.5975	0.245143438161548
-2.59625	0.2458150756123415
-2.595	0.2461508943377382
-2.59375	0.2471583505139285
-2.5925	0.2474941692393252
-2.59125	0.2468225317885317
-2.59	0.2458150756123415
-2.58875	0.2448076194361513
-2.5875	0.243800163259961
-2.58625	0.242456888358374
-2.585	0.2421210696329773
-2.58375	0.2431285258091675
-2.5825	0.243800163259961
-2.58125	0.2441359819853578
-2.58	0.2444718007107545
-2.57875	0.2448076194361513
-2.5775	0.245143438161548
-2.57625	0.2458150756123415
-2.575	0.2461508943377382
-2.57375	0.2471583505139285
-2.5725	0.247829987964722
-2.57125	0.2468225317885317
-2.57	0.2458150756123415
-2.56875	0.2448076194361513
-2.5675	0.243800163259961
-2.56625	0.242456888358374
-2.565	0.2421210696329773
-2.56375	0.2431285258091675
-2.5625	0.243800163259961
-2.56125	0.2441359819853578
-2.56	0.2444718007107545
-2.55875	0.2448076194361513
-2.5575	0.245143438161548
-2.55625	0.2458150756123415
-2.555	0.2458150756123415
-2.55375	0.2471583505139285
-2.5525	0.2478299879647218
-2.55125	0.2468225317885317
-2.55	0.2458150756123413
-2.54875	0.2448076194361513
-2.5475	0.243800163259961
-2.54625	0.242456888358374
-2.545	0.2421210696329773
-2.54375	0.2431285258091673
-2.5425	0.243800163259961
-2.54125	0.2441359819853579
-2.54	0.2444718007107545
-2.53875	0.2448076194361513
-2.5375	0.245143438161548
-2.53625	0.2458150756123415
-2.535	0.2461508943377382
-2.53375	0.2471583505139285
-2.5325	0.2478299879647218
-2.53125	0.2471583505139285
-2.53	0.2458150756123413
-2.52875	0.245143438161548
-2.5275	0.243800163259961
-2.52625	0.242456888358374
-2.525	0.2421210696329773
-2.52375	0.2431285258091673
-2.5225	0.243800163259961
-2.52125	0.2441359819853577
-2.52	0.2444718007107545
-2.51875	0.2448076194361514
-2.5175	0.2454792568869447
-2.51625	0.2458150756123415
-2.515	0.2458150756123415
-2.51375	0.2471583505139285
-2.5125	0.2478299879647218
-2.51125	0.2468225317885317
-2.51	0.2458150756123413
-2.50875	0.245143438161548
-2.5075	0.2438001632599607
-2.50625	0.242456888358374
-2.505	0.242456888358374
-2.50375	0.2431285258091675
-2.5025	0.243800163259961
-2.50125	0.2441359819853577
-2.5	0.2444718007107545
-2.49875	0.2448076194361514
-2.4975	0.2454792568869447
-2.49625	0.2458150756123415
-2.495	0.2461508943377382
-2.49375	0.2471583505139285
-2.4925	0.2478299879647218
-2.49125	0.2471583505139285
-2.49	0.2458150756123418
-2.48875	0.2448076194361513
-2.4875	0.2438001632599607
-2.48625	0.242456888358374
-2.485	0.2421210696329773
-2.48375	0.2431285258091675
-2.4825	0.243800163259961
-2.48125	0.2441359819853577
-2.48	0.2444718007107545
-2.47875	0.2448076194361513
-2.4775	0.245143438161548
-2.47625	0.2458150756123415
-2.475	0.2458150756123415
-2.47375	0.2468225317885317
-2.4725	0.247829987964722
-2.47125	0.2468225317885317
-2.47	0.2458150756123417
-2.46875	0.245143438161548
-2.4675	0.2438001632599607
-2.46625	0.242456888358374
-2.465	0.2421210696329773
-2.46375	0.2431285258091675
-2.4625	0.243800163259961
-2.46125	0.243800163259961
-2.46	0.2444718007107545
-2.45875	0.2448076194361512
-2.4575	0.245143438161548
-2.45625	0.2458150756123415
-2.455	0.2458150756123415
-2.45375	0.2471583505139285
-2.4525	0.247829987964722
-2.45125	0.2471583505139285
-2.45	0.2458150756123418
-2.44875	0.2448076194361513
-2.4475	0.2438001632599607
-2.44625	0.242456888358374
-2.445	0.2424568883583742
-2.44375	0.2431285258091675
-2.4425	0.243800163259961
-2.44125	0.2441359819853578
-2.44	0.2444718007107545
-2.43875	0.2448076194361513
-2.4375	0.245143438161548
-2.43625	0.2458150756123415
-2.435	0.2461508943377382
-2.43375	0.2468225317885317
-2.4325	0.247829987964722
-2.43125	0.2468225317885317
-2.43	0.2458150756123415
-2.42875	0.2448076194361513
-2.4275	0.243800163259961
-2.42625	0.242456888358374
-2.425	0.2421210696329773
-2.42375	0.2431285258091675
-2.4225	0.243800163259961
-2.42125	0.2441359819853578
-2.42	0.2441359819853578
-2.41875	0.2448076194361513
-2.4175	0.2454792568869447
-2.41625	0.2458150756123415
-2.415	0.2461508943377382
-2.41375	0.2471583505139285
-2.4125	0.247829987964722
-2.41125	0.2468225317885317
-2.41	0.2458150756123415
-2.40875	0.245143438161548
-2.4075	0.243800163259961
-2.40625	0.242456888358374
-2.405	0.242456888358374
-2.40375	0.2431285258091675
-2.4025	0.243800163259961
-2.40125	0.2441359819853578
-2.4	0.2444718007107545
-2.39875	0.2448076194361513
-2.3975	0.245143438161548
-2.39625	0.2458150756123415
-2.395	0.2461508943377382
-2.39375	0.2471583505139285
-2.3925	0.247829987964722
-2.39125	0.2471583505139285
-2.39	0.2458150756123415
-2.38875	0.245143438161548
-2.3875	0.2441359819853578
-2.38625	0.242456888358374
-2.385	0.242456888358374
-2.38375	0.2431285258091675
-2.3825	0.243800163259961
-2.38125	0.2441359819853578
-2.38	0.2444718007107545
-2.37875	0.2448076194361513
-2.3775	0.2454792568869447
-2.37625	0.2458150756123415
-2.375	0.2461508943377382
-2.37375	0.2471583505139285
-2.3725	0.247829987964722
-2.37125	0.2471583505139285
-2.37	0.2458150756123415
-2.36875	0.245143438161548
-2.3675	0.2441359819853578
-2.36625	0.242456888358374
-2.365	0.242456888358374
-2.36375	0.2431285258091675
-2.3625	0.243800163259961
-2.36125	0.2441359819853578
-2.36	0.2444718007107545
-2.35875	0.2448076194361513
-2.3575	0.2454792568869447
-2.35625	0.2461508943377382
-2.355	0.2458150756123415
-2.35375	0.2471583505139285
-2.3525	0.247829987964722
-2.35125	0.2471583505139285
-2.35	0.2458150756123415
-2.34875	0.245143438161548
-2.3475	0.243800163259961
-2.34625	0.242456888358374
-2.345	0.242456888358374
-2.34375	0.2431285258091675
-2.3425	0.243800163259961
-2.34125	0.2441359819853578
-2.34	0.2444718007107545
-2.33875	0.2448076194361513
-2.3375	0.245143438161548
-2.33625	0.2458150756123415
-2.335	0.2461508943377382
-2.33375	0.2471583505139285
-2.3325	0.247829987964722
-2.33125	0.2468225317885317
-2.33	0.2458150756123415
-2.32875	0.2448076194361513
-2.3275	0.2441359819853578
-2.32625	0.242456888358374
-2.325	0.2421210696329773
-2.32375	0.2431285258091675
-2.3225	0.243800163259961
-2.32125	0.243800163259961
-2.32	0.2444718007107545
-2.31875	0.2448076194361513
-2.3175	0.245143438161548
-2.31625	0.2458150756123415
-2.315	0.2461508943377382
-2.31375	0.2471583505139285
-2.3125	0.247829987964722
-2.31125	0.2468225317885317
-2.31	0.2458150756123415
-2.30875	0.2448076194361513
-2.3075	0.2441359819853578
-2.30625	0.242456888358374
-2.305	0.2421210696329773
-2.30375	0.2431285258091675
-2.3025	0.243800163259961
-2.30125	0.2441359819853578
-2.3	0.2444718007107545
-2.29875	0.2448076194361513
-2.2975	0.245143438161548
-2.29625	0.2458150756123415
-2.295	0.2461508943377382
-2.29375	0.2468225317885317
-2.2925	0.247829987964722
-2.29125	0.2471583505139285
-2.29	0.2458150756123415
-2.28875	0.2448076194361513
-2.2875	0.2441359819853578
-2.28625	0.242456888358374
-2.285	0.2421210696329773
-2.28375	0.2427927070837708
-2.2825	0.243800163259961
-2.28125	0.243800163259961
-2.28	0.2444718007107545
-2.27875	0.2448076194361513
-2.2775	0.245143438161548
-2.27625	0.2458150756123415
-2.275	0.2458150756123415
-2.27375	0.2468225317885317
-2.2725	0.247829987964722
-2.27125	0.2468225317885317
-2.27	0.2458150756123415
-2.26875	0.245143438161548
-2.2675	0.2441359819853578
-2.26625	0.242456888358374
-2.265	0.2421210696329773
-2.26375	0.2431285258091675
-2.2625	0.243800163259961
-2.26125	0.2441359819853578
-2.26	0.2444718007107545
-2.25875	0.2448076194361513
-2.2575	0.245143438161548
-2.25625	0.2458150756123415
-2.255	0.2461508943377382
-2.25375	0.2471583505139285
-2.2525	0.247829987964722
-2.25125	0.2471583505139285
-2.25	0.2458150756123415
-2.24875	0.245143438161548
-2.2475	0.2441359819853578
-2.24625	0.242456888358374
-2.245	0.2421210696329773
-2.24375	0.2431285258091675
-2.2425	0.243800163259961
-2.24125	0.2441359819853578
-2.24	0.2444718007107545
-2.23875	0.2448076194361513
-2.2375	0.245143438161548
-2.23625	0.2458150756123415
-2.235	0.2461508943377382
-2.23375	0.2471583505139285
-2.2325	0.247829987964722
-2.23125	0.2471583505139285
-2.23	0.2458150756123415
-2.22875	0.245143438161548
-2.2275	0.2441359819853578
-2.22625	0.242456888358374
-2.225	0.242456888358374
-2.22375	0.2431285258091675
-2.2225	0.243800163259961
-2.22125	0.2441359819853578
-2.22	0.2444718007107545
-2.21875	0.2448076194361513
-2.2175	0.2454792568869447
-2.21625	0.2458150756123415
-2.215	0.2461508943377382
-2.21375	0.2471583505139285
-2.2125	0.247829987964722
-2.21125	0.2471583505139285
-2.21	0.2461508943377382
-2.20875	0.245143438161548
-2.2075	0.2441359819853578
-2.20625	0.242456888358374
-2.205	0.2421210696329773
-2.20375	0.2427927070837708
-2.2025	0.243800163259961
-2.20125	0.2441359819853578
-2.2	0.2441359819853578
-2.19875	0.2448076194361513
-2.1975	0.245143438161548
-2.19625	0.2458150756123415
-2.195	0.2458150756123415
-2.19375	0.2468225317885317
-2.1925	0.247829987964722
-2.19125	0.2471583505139285
-2.19	0.2458150756123415
-2.18875	0.245143438161548
-2.1875	0.2441359819853578
-2.18625	0.242456888358374
-2.185	0.2421210696329773
-2.18375	0.2431285258091675
-2.1825	0.243800163259961
-2.18125	0.2441359819853578
-2.18	0.2444718007107545
-2.17875	0.2448076194361513
-2.1775	0.245143438161548
-2.17625	0.2458150756123415
-2.175	0.2461508943377382
-2.17375	0.2468225317885317
-2.1725	0.247829987964722
-2.17125	0.2471583505139285
-2.17	0.2458150756123415
-2.16875	0.245143438161548
-2.1675	0.2441359819853578
-2.16625	0.242456888358374
-2.165	0.2421210696329773
-2.16375	0.2427927070837708
-2.1625	0.243800163259961
-2.16125	0.2441359819853578
-2.16	0.2444718007107545
-2.15875	0.2448076194361513
-2.1575	0.245143438161548
-2.15625	0.2458150756123415
-2.155	0.2461508943377382
-2.15375	0.2471583505139285
-2.1525	0.247829987964722
-2.15125	0.2471583505139285
-2.15	0.2458150756123415
-2.14875	0.2448076194361513
-2.1475	0.2441359819853578
-2.14625	0.242456888358374
-2.145	0.2421210696329773
-2.14375	0.2427927070837708
-2.1425	0.243800163259961
-2.14125	0.2441359819853578
-2.14	0.2444718007107545
-2.13875	0.2448076194361513
-2.1375	0.245143438161548
-2.13625	0.2458150756123415
-2.135	0.2458150756123415
-2.13375	0.2468225317885317
-2.1325	0.247829987964722
-2.13125	0.2471583505139285
-2.13	0.2458150756123415
-2.12875	0.2448076194361513
-2.1275	0.2441359819853578
-2.12625	0.242456888358374
-2.125	0.2421210696329773
-2.12375	0.2427927070837708
-2.1225	0.2434643445345643
-2.12125	0.243800163259961
-2.12	0.2444718007107545
-2.11875	0.2448076194361513
-2.1175	0.245143438161548
-2.11625	0.2458150756123415
-2.115	0.2458150756123415
-2.11375	0.2468225317885317
-2.1125	0.247829987964722
-2.11125	0.2471583505139285
-2.11	0.2461508943377382
-2.10875	0.2448076194361513
-2.1075	0.2441359819853578
-2.10625	0.242456888358374
-2.105	0.2421210696329773
-2.10375	0.2427927070837708
-2.1025	0.2434643445345643
-2.10125	0.243800163259961
-2.1	0.2444718007107545
-2.09875	0.2448076194361513
-2.0975	0.245143438161548
-2.09625	0.2458150756123415
-2.095	0.2461508943377382
-2.09375	0.2468225317885317
-2.0925	0.247829987964722
-2.09125	0.2471583505139285
-2.09	0.2461508943377382
-2.08875	0.245143438161548
-2.0875	0.2441359819853578
-2.08625	0.242456888358374
-2.085	0.2421210696329773
-2.08375	0.2427927070837708
-2.0825	0.243800163259961
-2.08125	0.243800163259961
-2.08	0.2444718007107545
-2.07875	0.2448076194361513
-2.0775	0.245143438161548
-2.07625	0.2458150756123415
-2.075	0.2458150756123415
-2.07375	0.2468225317885317
-2.0725	0.247829987964722
-2.07125	0.2471583505139285
-2.07	0.2461508943377382
-2.06875	0.245143438161548
-2.0675	0.2441359819853578
-2.06625	0.242456888358374
-2.065	0.2421210696329773
-2.06375	0.2427927070837708
-2.0625	0.243800163259961
-2.06125	0.243800163259961
-2.06	0.2444718007107545
-2.05875	0.2448076194361513
-2.0575	0.245143438161548
-2.05625	0.2458150756123415
-2.055	0.2461508943377382
-2.05375	0.2471583505139285
-2.0525	0.247829987964722
-2.05125	0.2471583505139285
-2.05	0.2461508943377382
-2.04875	0.245143438161548
-2.0475	0.2441359819853578
-2.04625	0.242456888358374
-2.045	0.2421210696329773
-2.04375	0.2427927070837708
-2.0425	0.243800163259961
-2.04125	0.243800163259961
-2.04	0.2444718007107545
-2.03875	0.2448076194361513
-2.0375	0.245143438161548
-2.03625	0.2458150756123415
-2.035	0.2458150756123415
-2.03375	0.2468225317885317
-2.0325	0.247829987964722
-2.03125	0.2471583505139285
-2.03	0.2461508943377382
-2.02875	0.245143438161548
-2.0275	0.2441359819853578
-2.02625	0.242456888358374
-2.025	0.2421210696329773
-2.02375	0.2427927070837708
-2.0225	0.243800163259961
-2.02125	0.2441359819853578
-2.02	0.2444718007107545
-2.01875	0.2448076194361513
-2.0175	0.245143438161548
-2.01625	0.2458150756123415
-2.015	0.2461508943377382
-2.01375	0.2468225317885317
-2.0125	0.2481658066901187
-2.01125	0.2471583505139285
-2.01	0.2461508943377382
-2.00875	0.245143438161548
-2.0075	0.2441359819853578
-2.00625	0.242456888358374
-2.005	0.2421210696329773
-2.00375	0.2427927070837708
-2.0025	0.243800163259961
-2.00125	0.2441359819853578
-2	0.2444718007107545
-1.99875	0.2448076194361513
-1.9975	0.245143438161548
-1.99625	0.2461508943377382
-1.995	0.2461508943377382
-1.99375	0.2468225317885317
-1.9925	0.2481658066901187
-1.99125	0.2471583505139285
-1.99	0.2458150756123415
-1.98875	0.245143438161548
-1.9875	0.2441359819853578
-1.98625	0.242456888358374
-1.985	0.2421210696329773
-1.98375	0.2427927070837708
-1.9825	0.2434643445345643
-1.98125	0.2441359819853578
-1.98	0.2444718007107545
-1.97875	0.2448076194361513
-1.9775	0.245143438161548
-1.97625	0.2458150756123415
-1.975	0.2461508943377382
-1.97375	0.2468225317885317
-1.9725	0.2481658066901187
-1.97125	0.2471583505139285
-1.97	0.2461508943377382
-1.96875	0.245143438161548
-1.9675	0.2444718007107545
-1.96625	0.242456888358374
-1.965	0.2421210696329773
-1.96375	0.2427927070837708
-1.9625	0.243800163259961
-1.96125	0.2441359819853578
-1.96	0.2441359819853578
-1.95875	0.2448076194361513
-1.9575	0.245143438161548
-1.95625	0.2461508943377382
-1.955	0.2461508943377382
-1.95375	0.2471583505139285
-1.9525	0.2481658066901187
-1.95125	0.2471583505139285
-1.95	0.246486713063135
-1.94875	0.245143438161548
-1.9475	0.2444718007107545
-1.94625	0.2421210696329773
-1.945	0.2421210696329773
-1.94375	0.242456888358374
-1.9425	0.243800163259961
-1.94125	0.243800163259961
-1.94	0.2441359819853578
-1.93875	0.2448076194361513
-1.9375	0.245143438161548
-1.93625	0.2461508943377382
-1.935	0.2461508943377382
-1.93375	0.2471583505139285
-1.9325	0.2481658066901187
-1.93125	0.2471583505139285
-1.93	0.2461508943377382
-1.92875	0.245143438161548
-1.9275	0.2444718007107545
-1.92625	0.242456888358374
-1.925	0.2421210696329773
-1.92375	0.2427927070837708
-1.9225	0.243800163259961
-1.92125	0.2441359819853578
-1.92	0.2444718007107545
-1.91875	0.2448076194361513
-1.9175	0.245143438161548
-1.91625	0.2458150756123415
-1.915	0.2461508943377382
-1.91375	0.2468225317885317
-1.9125	0.2481658066901187
-1.91125	0.2471583505139285
-1.91	0.2461508943377382
-1.90875	0.245143438161548
-1.9075	0.2441359819853578
-1.90625	0.242456888358374
-1.905	0.2421210696329773
-1.90375	0.2427927070837708
-1.9025	0.243800163259961
-1.90125	0.2441359819853578
-1.9	0.2444718007107545
-1.89875	0.2448076194361513
-1.8975	0.245143438161548
-1.89625	0.2458150756123415
-1.895	0.2461508943377382
-1.89375	0.2468225317885317
-1.8925	0.2481658066901187
-1.89125	0.2471583505139285
-1.89	0.2461508943377382
-1.88875	0.245143438161548
-1.8875	0.2441359819853578
-1.88625	0.242456888358374
-1.885	0.2421210696329773
-1.88375	0.2427927070837708
-1.8825	0.243800163259961
-1.88125	0.2441359819853578
-1.88	0.2444718007107545
-1.87875	0.2448076194361513
-1.8775	0.245143438161548
-1.87625	0.2458150756123415
-1.875	0.2461508943377382
-1.87375	0.2471583505139285
-1.8725	0.2481658066901187
-1.87125	0.2471583505139285
-1.87	0.2461508943377382
-1.86875	0.245143438161548
-1.8675	0.2444718007107545
-1.86625	0.242456888358374
-1.865	0.2421210696329773
-1.86375	0.2427927070837708
-1.8625	0.243800163259961
-1.86125	0.243800163259961
-1.86	0.2444718007107545
-1.85875	0.2448076194361513
-1.8575	0.245143438161548
-1.85625	0.2458150756123415
-1.855	0.2461508943377382
-1.85375	0.2471583505139285
-1.8525	0.2481658066901187
-1.85125	0.2471583505139285
-1.85	0.2461508943377382
-1.84875	0.245143438161548
-1.8475	0.2444718007107545
-1.84625	0.242456888358374
-1.845	0.2421210696329773
-1.84375	0.2427927070837708
-1.8425	0.2434643445345643
-1.84125	0.2441359819853578
-1.84	0.2444718007107545
-1.83875	0.2448076194361513
-1.8375	0.245143438161548
-1.83625	0.2458150756123415
-1.835	0.2461508943377382
-1.83375	0.2468225317885317
-1.8325	0.2481658066901187
-1.83125	0.2471583505139285
-1.83	0.2461508943377382
-1.82875	0.245143438161548
-1.8275	0.2444718007107545
-1.82625	0.242456888358374
-1.825	0.2421210696329773
-1.82375	0.2427927070837708
-1.8225	0.243800163259961
-1.82125	0.243800163259961
-1.82	0.2444718007107545
-1.81875	0.2448076194361513
-1.8175	0.245143438161548
-1.81625	0.2458150756123415
-1.815	0.2461508943377382
-1.81375	0.2468225317885317
-1.8125	0.2481658066901187
-1.81125	0.2471583505139285
-1.81	0.2461508943377382
-1.80875	0.245143438161548
-1.8075	0.2444718007107545
-1.80625	0.242456888358374
-1.805	0.2421210696329773
-1.80375	0.2427927070837708
-1.8025	0.243800163259961
-1.80125	0.243800163259961
-1.8	0.2444718007107545
-1.79875	0.2448076194361513
-1.7975	0.245143438161548
-1.79625	0.2458150756123415
-1.795	0.2461508943377382
-1.79375	0.2471583505139285
-1.7925	0.2481658066901187
-1.79125	0.2471583505139285
-1.79	0.2461508943377382
-1.78875	0.245143438161548
-1.7875	0.2444718007107545
-1.78625	0.242456888358374
-1.785	0.2421210696329773
-1.78375	0.2427927070837708
-1.7825	0.243800163259961
-1.78125	0.2441359819853578
-1.78	0.2444718007107545
-1.77875	0.2448076194361513
-1.7775	0.245143438161548
-1.77625	0.2458150756123415
-1.775	0.2461508943377382
-1.77375	0.2468225317885317
-1.7725	0.2481658066901187
-1.77125	0.2471583505139285
-1.77	0.2461508943377382
-1.76875	0.245143438161548
-1.7675	0.2444718007107545
-1.76625	0.242456888358374
-1.765	0.2421210696329773
-1.76375	0.2427927070837708
-1.7625	0.243800163259961
-1.76125	0.243800163259961
-1.76	0.2444718007107545
-1.75875	0.2448076194361513
-1.7575	0.245143438161548
-1.75625	0.2458150756123415
-1.755	0.2461508943377382
-1.75375	0.2468225317885317
-1.7525	0.2481658066901187
-1.75125	0.2471583505139285
-1.75	0.2461508943377382
-1.74875	0.245143438161548
-1.7475	0.2444718007107545
-1.74625	0.242456888358374
-1.745	0.2421210696329773
-1.74375	0.2427927070837708
-1.7425	0.2434643445345643
-1.74125	0.243800163259961
-1.74	0.2444718007107545
-1.73875	0.2448076194361513
-1.7375	0.245143438161548
-1.73625	0.2458150756123415
-1.735	0.2461508943377382
-1.73375	0.2468225317885317
-1.7325	0.2481658066901187
-1.73125	0.2471583505139285
-1.73	0.2461508943377382
-1.72875	0.245143438161548
-1.7275	0.2444718007107545
-1.72625	0.2421210696329773
-1.725	0.2421210696329773
-1.72375	0.242456888358374
-1.7225	0.243800163259961
-1.72125	0.243800163259961
-1.72	0.2444718007107545
-1.71875	0.2448076194361513
-1.7175	0.245143438161548
-1.71625	0.2458150756123415
-1.715	0.2461508943377382
-1.71375	0.2468225317885317
-1.7125	0.2481658066901187
-1.71125	0.2471583505139285
-1.71	0.246486713063135
-1.70875	0.245143438161548
-1.7075	0.2444718007107545
-1.70625	0.242456888358374
-1.705	0.2421210696329773
-1.70375	0.242456888358374
-1.7025	0.2434643445345643
-1.70125	0.243800163259961
-1.7	0.2441359819853578
-1.69875	0.2448076194361513
-1.6975	0.245143438161548
-1.69625	0.2458150756123415
-1.695	0.2461508943377382
-1.69375	0.2468225317885317
-1.6925	0.2481658066901187
-1.69125	0.2471583505139285
-1.69	0.2461508943377382
-1.68875	0.245143438161548
-1.6875	0.2444718007107545
-1.68625	0.242456888358374
-1.685	0.2421210696329773
-1.68375	0.242456888358374
-1.6825	0.2434643445345643
-1.68125	0.243800163259961
-1.68	0.2441359819853578
-1.67875	0.2448076194361513
-1.6775	0.245143438161548
-1.67625	0.2458150756123415
-1.675	0.2461508943377382
-1.67375	0.2468225317885317
-1.6725	0.2481658066901187
-1.67125	0.2471583505139285
-1.67	0.2461508943377382
-1.66875	0.245143438161548
-1.6675	0.2444718007107545
-1.66625	0.242456888358374
-1.665	0.2421210696329773
-1.66375	0.242456888358374
-1.6625	0.2434643445345643
-1.66125	0.2441359819853578
-1.66	0.2444718007107545
-1.65875	0.2448076194361513
-1.6575	0.245143438161548
-1.65625	0.2458150756123415
-1.655	0.2461508943377382
-1.65375	0.2468225317885317
-1.6525	0.2481658066901187
-1.65125	0.2474941692393252
-1.65	0.2461508943377382
-1.64875	0.245143438161548
-1.6475	0.2444718007107545
-1.64625	0.242456888358374
-1.645	0.2421210696329773
-1.64375	0.242456888358374
-1.6425	0.2434643445345643
-1.64125	0.243800163259961
-1.64	0.2441359819853578
-1.63875	0.2448076194361513
-1.6375	0.245143438161548
-1.63625	0.2458150756123415
-1.635	0.2461508943377382
-1.63375	0.2468225317885317
-1.6325	0.2481658066901187
-1.63125	0.2474941692393252
-1.63	0.246486713063135
-1.62875	0.245143438161548
-1.6275	0.2444718007107545
-1.62625	0.242456888358374
-1.625	0.2421210696329773
-1.62375	0.242456888358374
-1.6225	0.2434643445345643
-1.62125	0.243800163259961
-1.62	0.2441359819853578
-1.61875	0.2448076194361513
-1.6175	0.245143438161548
-1.61625	0.2458150756123415
-1.615	0.2461508943377382
-1.61375	0.2468225317885317
-1.6125	0.2485016254155155
-1.61125	0.2474941692393252
-1.61	0.246486713063135
-1.60875	0.245143438161548
-1.6075	0.2444718007107545
-1.60625	0.242456888358374
-1.605	0.2421210696329773
-1.60375	0.242456888358374
-1.6025	0.2434643445345643
-1.60125	0.243800163259961
-1.6	0.2441359819853578
-1.59875	0.2448076194361513
-1.5975	0.245143438161548
-1.59625	0.2458150756123415
-1.595	0.2461508943377382
-1.59375	0.2468225317885317
-1.5925	0.2481658066901187
-1.59125	0.2474941692393252
-1.59	0.246486713063135
-1.58875	0.245143438161548
-1.5875	0.2444718007107545
-1.58625	0.242456888358374
-1.585	0.2417852509075805
-1.58375	0.242456888358374
-1.5825	0.2434643445345643
-1.58125	0.243800163259961
-1.58	0.2441359819853578
-1.57875	0.2448076194361513
-1.5775	0.245143438161548
-1.57625	0.2458150756123415
-1.575	0.2461508943377382
-1.57375	0.2468225317885317
-1.5725	0.2481658066901187
-1.57125	0.2474941692393252
-1.57	0.246486713063135
-1.56875	0.245143438161548
-1.5675	0.2444718007107545
-1.56625	0.242456888358374
-1.565	0.2421210696329773
-1.56375	0.242456888358374
-1.5625	0.2434643445345643
-1.56125	0.243800163259961
-1.56	0.2441359819853578
-1.55875	0.2448076194361513
-1.5575	0.245143438161548
-1.55625	0.2458150756123415
-1.555	0.2461508943377382
-1.55375	0.2468225317885317
-1.5525	0.2481658066901187
-1.55125	0.2474941692393252
-1.55	0.246486713063135
-1.54875	0.245143438161548
-1.5475	0.2444718007107545
-1.54625	0.242456888358374
-1.545	0.2421210696329773
-1.54375	0.242456888358374
-1.5425	0.2434643445345643
-1.54125	0.243800163259961
-1.54	0.2441359819853578
-1.53875	0.2448076194361513
-1.5375	0.245143438161548
-1.53625	0.2458150756123415
-1.535	0.2461508943377382
-1.53375	0.2468225317885317
-1.5325	0.2481658066901187
-1.53125	0.2474941692393252
-1.53	0.246486713063135
-1.52875	0.245143438161548
-1.5275	0.2444718007107545
-1.52625	0.242456888358374
-1.525	0.2417852509075805
-1.52375	0.242456888358374
-1.5225	0.2434643445345643
-1.52125	0.243800163259961
-1.52	0.2444718007107545
-1.51875	0.2448076194361513
-1.5175	0.245143438161548
-1.51625	0.2458150756123415
-1.515	0.2461508943377382
-1.51375	0.2468225317885317
-1.5125	0.2481658066901187
-1.51125	0.2474941692393252
-1.51	0.246486713063135
-1.50875	0.245143438161548
-1.5075	0.2444718007107545
-1.50625	0.242456888358374
-1.505	0.2421210696329773
-1.50375	0.242456888358374
-1.5025	0.243800163259961
-1.50125	0.2441359819853578
-1.5	0.2444718007107545
-1.49875	0.2448076194361513
-1.4975	0.245143438161548
-1.49625	0.2458150756123415
-1.495	0.2461508943377382
-1.49375	0.2468225317885317
-1.4925	0.2485016254155155
-1.49125	0.2474941692393252
-1.49	0.246486713063135
-1.48875	0.245143438161548
-1.4875	0.2444718007107545
-1.48625	0.242456888358374
-1.485	0.2417852509075805
-1.48375	0.242456888358374
-1.4825	0.2434643445345643
-1.48125	0.243800163259961
-1.48	0.2441359819853578
-1.47875	0.2448076194361513
-1.4775	0.245143438161548
-1.47625	0.2458150756123415
-1.475	0.2461508943377382
-1.47375	0.2468225317885317
-1.4725	0.2481658066901187
-1.47125	0.2474941692393252
-1.47	0.246486713063135
-1.46875	0.245143438161548
-1.4675	0.2444718007107545
-1.46625	0.242456888358374
-1.465	0.2417852509075805
-1.46375	0.242456888358374
-1.4625	0.2434643445345643
-1.46125	0.243800163259961
-1.46	0.2441359819853578
-1.45875	0.2448076194361513
-1.4575	0.245143438161548
-1.45625	0.2458150756123415
-1.455	0.2461508943377382
-1.45375	0.2468225317885317
-1.4525	0.2481658066901187
-1.45125	0.2474941692393252
-1.45	0.246486713063135
-1.44875	0.245143438161548
-1.4475	0.2444718007107545
-1.44625	0.242456888358374
-1.445	0.2417852509075805
-1.44375	0.242456888358374
-1.4425	0.2434643445345643
-1.44125	0.243800163259961
-1.44	0.2441359819853578
-1.43875	0.2448076194361513
-1.4375	0.245143438161548
-1.43625	0.2458150756123415
-1.435	0.2461508943377382
-1.43375	0.2468225317885317
-1.4325	0.2481658066901187
-1.43125	0.2471583505139285
-1.43	0.246486713063135
-1.42875	0.245143438161548
-1.4275	0.2444718007107545
-1.42625	0.242456888358374
-1.425	0.2417852509075805
-1.42375	0.242456888358374
-1.4225	0.2434643445345643
-1.42125	0.243800163259961
-1.42	0.2441359819853578
-1.41875	0.2448076194361513
-1.4175	0.245143438161548
-1.41625	0.2458150756123415
-1.415	0.2461508943377382
-1.41375	0.2468225317885317
-1.4125	0.2481658066901187
-1.41125	0.2474941692393252
-1.41	0.246486713063135
-1.40875	0.245143438161548
-1.4075	0.2444718007107545
-1.40625	0.242456888358374
-1.405	0.2421210696329773
-1.40375	0.242456888358374
-1.4025	0.2434643445345643
-1.40125	0.243800163259961
-1.4	0.2441359819853578
-1.39875	0.2448076194361513
-1.3975	0.2448076194361513
-1.39625	0.2458150756123415
-1.395	0.2461508943377382
-1.39375	0.2468225317885317
-1.3925	0.2481658066901187
-1.39125	0.2474941692393252
-1.39	0.246486713063135
-1.38875	0.245143438161548
-1.3875	0.2444718007107545
-1.38625	0.242456888358374
-1.385	0.2417852509075805
-1.38375	0.242456888358374
-1.3825	0.2434643445345643
-1.38125	0.243800163259961
-1.38	0.2441359819853578
-1.37875	0.2448076194361513
-1.3775	0.245143438161548
-1.37625	0.2458150756123415
-1.375	0.2461508943377382
-1.37375	0.2468225317885317
-1.3725	0.2481658066901187
-1.37125	0.2474941692393252
-1.37	0.246486713063135
-1.36875	0.245143438161548
-1.3675	0.2444718007107545
-1.36625	0.242456888358374
-1.365	0.2421210696329773
-1.36375	0.242456888358374
-1.3625	0.2434643445345643
-1.36125	0.243800163259961
-1.36	0.2441359819853578
-1.35875	0.2448076194361513
-1.3575	0.245143438161548
-1.35625	0.2458150756123415
-1.355	0.2461508943377382
-1.35375	0.2468225317885317
-1.3525	0.2481658066901187
-1.35125	0.2474941692393252
-1.35	0.246486713063135
-1.34875	0.245143438161548
-1.3475	0.2448076194361513
-1.34625	0.242456888358374
-1.345	0.2417852509075805
-1.34375	0.242456888358374
-1.3425	0.2434643445345643
-1.34125	0.243800163259961
-1.34	0.2441359819853578
-1.33875	0.2448076194361513
-1.3375	0.245143438161548
-1.33625	0.2458150756123415
-1.335	0.2461508943377382
-1.33375	0.2468225317885317
-1.3325	0.2481658066901187
-1.33125	0.2474941692393252
-1.33	0.246486713063135
-1.32875	0.245143438161548
-1.3275	0.2448076194361513
-1.32625	0.242456888358374
-1.325	0.2417852509075805
-1.32375	0.242456888358374
-1.3225	0.2434643445345643
-1.32125	0.243800163259961
-1.32	0.2441359819853578
-1.31875	0.2448076194361513
-1.3175	0.245143438161548
-1.31625	0.2458150756123415
-1.315	0.2461508943377382
-1.31375	0.2468225317885317
-1.3125	0.2481658066901187
-1.31125	0.2474941692393252
-1.31	0.2468225317885317
-1.30875	0.245143438161548
-1.3075	0.2444718007107545
-1.30625	0.242456888358374
-1.305	0.2421210696329773
-1.30375	0.242456888358374
-1.3025	0.2434643445345643
-1.30125	0.243800163259961
-1.3	0.2444718007107545
-1.29875	0.2448076194361513
-1.2975	0.245143438161548
-1.29625	0.2458150756123415
-1.295	0.2461508943377382
-1.29375	0.2468225317885317
-1.2925	0.2481658066901187
-1.29125	0.2474941692393252
-1.29	0.246486713063135
-1.28875	0.245143438161548
-1.2875	0.2448076194361513
-1.28625	0.242456888358374
-1.285	0.2421210696329773
-1.28375	0.242456888358374
-1.2825	0.2434643445345643
-1.28125	0.243800163259961
-1.28	0.2441359819853578
-1.27875	0.2448076194361513
-1.2775	0.245143438161548
-1.27625	0.2458150756123415
-1.275	0.2461508943377382
-1.27375	0.2468225317885317
-1.2725	0.2481658066901187
-1.27125	0.2474941692393252
-1.27	0.246486713063135
-1.26875	0.245143438161548
-1.2675	0.2444718007107545
-1.26625	0.242456888358374
-1.265	0.2417852509075805
-1.26375	0.242456888358374
-1.2625	0.2434643445345643
-1.26125	0.243800163259961
-1.26	0.2441359819853578
-1.25875	0.2448076194361513
-1.2575	0.245143438161548
-1.25625	0.2458150756123415
-1.255	0.2461508943377382
-1.25375	0.2468225317885317
-1.2525	0.2481658066901187
-1.25125	0.2474941692393252
-1.25	0.2468225317885317
-1.24875	0.245143438161548
-1.2475	0.2448076194361513
-1.24625	0.242456888358374
-1.245	0.2417852509075805
-1.24375	0.242456888358374
-1.2425	0.2434643445345643
-1.24125	0.243800163259961
-1.24	0.2441359819853578
-1.23875	0.2448076194361513
-1.2375	0.245143438161548
-1.23625	0.2458150756123415
-1.235	0.2461508943377382
-1.23375	0.2468225317885317
-1.2325	0.2481658066901187
-1.23125	0.2474941692393252
-1.23	0.246486713063135
-1.22875	0.2454792568869447
-1.2275	0.2444718007107545
-1.22625	0.242456888358374
-1.225	0.2417852509075805
-1.22375	0.242456888358374
-1.2225	0.2434643445345643
-1.22125	0.243800163259961
-1.22	0.2441359819853578
-1.21875	0.2448076194361513
-1.2175	0.245143438161548
-1.21625	0.2461508943377382
-1.215	0.2461508943377382
-1.21375	0.2468225317885317
-1.2125	0.2481658066901187
-1.21125	0.2474941692393252
-1.21	0.2468225317885317
-1.20875	0.245143438161548
-1.2075	0.2448076194361513
-1.20625	0.242456888358374
-1.205	0.2417852509075805
-1.20375	0.242456888358374
-1.2025	0.2434643445345643
-1.20125	0.243800163259961
-1.2	0.2441359819853578
