-5	0.2448076194361513
-4.99875	0.245143438161548
-4.9975	0.2454792568869449
-4.99625	0.2458150756123415
-4.995	0.2461508943377382
-4.99375	0.2468225317885314
-4.9925	0.2471583505139285
-4.99125	0.2474941692393252
-4.99	0.2485016254155155
-4.98875	0.2481658066901184
-4.9875	0.2474941692393252
-4.98625	0.2461508943377382
-4.985	0.2458150756123416
-4.98375	0.2441359819853576
-4.9825	0.243800163259961
-4.98125	0.243800163259961
-4.98	0.2448076194361508
-4.97875	0.245143438161548
-4.9775	0.2454792568869447
-4.97625	0.2458150756123415
-4.975	0.2461508943377385
-4.97375	0.2468225317885317
-4.9725	0.2471583505139285
-4.97125	0.247494169239325
-4.97	0.2485016254155155
-4.96875	0.2481658066901187
-4.9675	0.2474941692393252
-4.96625	0.2464867130631347
-4.965	0.2458150756123415
-4.96375	0.2441359819853578
-4.9625	0.2438001632599612
-4.96125	0.243800163259961
-4.96	0.2448076194361513
-4.95875	0.245143438161548
-4.9575	0.2454792568869449
-4.95625	0.2458150756123415
-4.955	0.2461508943377382
-4.95375	0.2468225317885314
-4.9525	0.2471583505139286
-4.95125	0.2474941692393252
-4.95	0.2485016254155155
-4.94875	0.2481658066901189
-4.9475	0.2474941692393252
-4.94625	0.2461508943377382
-4.945	0.2458150756123415
-4.94375	0.2441359819853575
-4.9425	0.2434643445345643
-4.94125	0.243800163259961
-4.94	0.2448076194361508
-4.93875	0.245143438161548
-4.9375	0.245143438161548
-4.93625	0.2458150756123415
-4.935	0.2461508943377385
-4.93375	0.2468225317885317
-4.9325	0.2471583505139285
-4.93125	0.247494169239325
-4.93	0.2485016254155155
-4.92875	0.2481658066901187
-4.9275	0.2474941692393252
-4.92625	0.2461508943377381
-4.925	0.2458150756123415
-4.92375	0.2441359819853578
-4.9225	0.2438001632599612
-4.92125	0.2438001632599615
-4.92	0.2448076194361513
-4.91875	0.245143438161548
-4.9175	0.2454792568869446
-4.91625	0.2458150756123415
-4.915	0.2461508943377382
-4.91375	0.2468225317885317
-4.9125	0.2471583505139286
-4.91125	0.2474941692393252
-4.91	0.2485016254155155
-4.90875	0.2481658066901189
-4.9075	0.2474941692393252
-4.90625	0.2461508943377382
-4.905	0.2458150756123415
-4.90375	0.2441359819853576
-4.9025	0.243800163259961
-4.90125	0.243800163259961
-4.9	0.2448076194361508
-4.89875	0.245143438161548
-4.8975	0.2454792568869447
-4.89625	0.2458150756123415
-4.895	0.2461508943377385
-4.89375	0.2468225317885317
-4.8925	0.2471583505139285
-4.89125	0.247494169239325
-4.89	0.2485016254155153
-4.88875	0.2481658066901187
-4.8875	0.2474941692393252
-4.88625	0.2461508943377388
-4.885	0.2458150756123415
-4.88375	0.2441359819853578
-4.8825	0.243800163259961
-4.88125	0.2438001632599615
-4.88	0.2448076194361513
-4.87875	0.245143438161548
-4.8775	0.2454792568869446
-4.87625	0.2458150756123415
-4.875	0.2461508943377382
-4.87375	0.2468225317885317
-4.8725	0.2471583505139286
-4.87125	0.2474941692393252
-4.87	0.2485016254155155
-4.86875	0.2481658066901189
-4.8675	0.2474941692393252
-4.86625	0.246486713063135
-4.865	0.2458150756123415
-4.86375	0.2441359819853576
-4.8625	0.243800163259961
-4.86125	0.243800163259961
-4.86	0.2448076194361508
-4.85875	0.2451434381615482
-4.8575	0.2454792568869447
-4.85625	0.2458150756123415
-4.855	0.2461508943377381
-4.85375	0.2468225317885317
-4.8525	0.2471583505139285
-4.85125	0.2474941692393252
-4.85	0.2485016254155153
-4.84875	0.2481658066901187
-4.8475	0.2474941692393252
-4.84625	0.2464867130631354
-4.845	0.2458150756123415
-4.84375	0.2441359819853578
-4.8425	0.243800163259961
-4.84125	0.2438001632599615
-4.84	0.2448076194361513
-4.83875	0.245143438161548
-4.8375	0.2454792568869446
-4.83625	0.2458150756123415
-4.835	0.2461508943377382
-4.83375	0.2468225317885317
-4.8325	0.2471583505139286
-4.83125	0.2474941692393252
-4.83	0.2485016254155155
-4.82875	0.2481658066901189
-4.8275	0.2474941692393247
-4.82625	0.246486713063135
-4.825	0.2458150756123415
-4.82375	0.2441359819853585
-4.8225	0.243800163259961
-4.82125	0.243800163259961
-4.82	0.2448076194361513
-4.81875	0.2451434381615482
-4.8175	0.2454792568869447
-4.81625	0.2458150756123415
-4.815	0.2461508943377381
-4.81375	0.2468225317885317
-4.8125	0.2471583505139285
-4.81125	0.2474941692393252
-4.81	0.2485016254155153
-4.80875	0.2481658066901187
-4.8075	0.2474941692393252
-4.80625	0.2464867130631354
-4.805	0.2458150756123415
-4.80375	0.2441359819853578
-4.8025	0.243800163259961
-4.80125	0.2438001632599615
-4.8	0.2448076194361513
-4.79875	0.245143438161548
-4.7975	0.2454792568869446
-4.79625	0.2458150756123416
-4.795	0.2461508943377382
-4.79375	0.2468225317885317
-4.7925	0.2471583505139283
-4.79125	0.2474941692393252
-4.79	0.2485016254155155
-4.78875	0.2481658066901187
-4.7875	0.2474941692393247
-4.78625	0.246486713063135
-4.785	0.2458150756123415
-4.78375	0.2441359819853585
-4.7825	0.243800163259961
-4.78125	0.243800163259961
-4.78	0.2448076194361513
-4.77875	0.2451434381615482
-4.7775	0.2454792568869447
-4.77625	0.2458150756123415
-4.775	0.2461508943377381
-4.77375	0.2468225317885317
-4.7725	0.2471583505139285
-4.77125	0.2474941692393252
-4.77	0.2485016254155153
-4.76875	0.2481658066901187
-4.7675	0.2474941692393252
-4.76625	0.2464867130631354
-4.765	0.2458150756123407
-4.76375	0.2441359819853578
-4.7625	0.243800163259961
-4.76125	0.243800163259961
-4.76	0.2448076194361513
-4.75875	0.245143438161548
-4.7575	0.2454792568869447
-4.75625	0.2458150756123416
-4.755	0.2461508943377382
-4.75375	0.2468225317885317
-4.7525	0.2471583505139283
-4.75125	0.2471583505139285
-4.75	0.2485016254155155
-4.74875	0.2481658066901187
-4.7475	0.2474941692393247
-4.74625	0.246486713063135
-4.745	0.2458150756123415
-4.74375	0.2441359819853585
-4.7425	0.243800163259961
-4.74125	0.243800163259961
-4.74	0.2448076194361513
-4.73875	0.2451434381615482
-4.7375	0.2454792568869447
-4.73625	0.2458150756123415
-4.735	0.2461508943377381
-4.73375	0.2468225317885319
-4.7325	0.2471583505139285
-4.73125	0.2471583505139285
-4.73	0.2485016254155148
-4.72875	0.2481658066901187
-4.7275	0.2474941692393252
-4.72625	0.246486713063135
-4.725	0.2458150756123407
-4.72375	0.2441359819853578
-4.7225	0.243800163259961
-4.72125	0.243800163259961
-4.72	0.2448076194361513
-4.71875	0.245143438161548
-4.7175	0.2454792568869447
-4.71625	0.2458150756123416
-4.715	0.2461508943377382
-4.71375	0.2468225317885317
-4.7125	0.2471583505139283
-4.71125	0.2471583505139285
-4.71	0.2485016254155155
-4.70875	0.2481658066901187
-4.7075	0.2474941692393247
-4.70625	0.246486713063135
-4.705	0.2458150756123415
-4.70375	0.2444718007107551
-4.7025	0.243800163259961
-4.70125	0.243800163259961
-4.7	0.2448076194361513
-4.69875	0.2451434381615478
-4.6975	0.2454792568869447
-4.69625	0.2458150756123415
-4.695	0.2461508943377382
-4.69375	0.2468225317885319
-4.6925	0.2471583505139285
-4.69125	0.2471583505139285
-4.69	0.2485016254155148
-4.68875	0.2481658066901187
-4.6875	0.2474941692393252
-4.68625	0.246486713063135
-4.685	0.2458150756123407
-4.68375	0.2441359819853578
-4.6825	0.2434643445345643
-4.68125	0.2438001632599608
-4.68	0.2444718007107545
-4.67875	0.245143438161548
-4.6775	0.245143438161548
-4.67625	0.2458150756123416
-4.675	0.2461508943377382
-4.67375	0.246486713063135
-4.6725	0.2468225317885316
-4.67125	0.247158350513929
-4.67	0.2481658066901187
-4.66875	0.2481658066901187
-4.6675	0.2474941692393255
-4.66625	0.246486713063135
-4.665	0.2458150756123415
-4.66375	0.2441359819853578
-4.6625	0.243800163259961
-4.66125	0.243800163259961
-4.66	0.2448076194361513
-4.65875	0.2451434381615478
-4.6575	0.245143438161548
-4.65625	0.2458150756123415
-4.655	0.2461508943377382
-4.65375	0.2468225317885317
-4.6525	0.2468225317885317
-4.65125	0.2471583505139285
-4.65	0.2481658066901182
-4.64875	0.2481658066901187
-4.6475	0.2474941692393252
-4.64625	0.246486713063135
-4.645	0.2458150756123409
-4.64375	0.2444718007107545
-4.6425	0.243800163259961
-4.64125	0.243800163259961
-4.64	0.2448076194361514
-4.63875	0.245143438161548
-4.6375	0.2454792568869447
-4.63625	0.2458150756123413
-4.635	0.2461508943377382
-4.63375	0.246486713063135
-4.6325	0.2468225317885317
-4.63125	0.247158350513929
-4.63	0.2481658066901187
-4.62875	0.2481658066901187
-4.6275	0.2474941692393255
-4.62625	0.246486713063135
-4.625	0.2458150756123415
-4.62375	0.2441359819853578
-4.6225	0.243800163259961
-4.62125	0.243800163259961
-4.62	0.2444718007107545
-4.61875	0.2451434381615477
-4.6175	0.245143438161548
-4.61625	0.2458150756123415
-4.615	0.2461508943377382
-4.61375	0.2468225317885317
-4.6125	0.2468225317885317
-4.61125	0.2471583505139285
-4.61	0.2481658066901182
-4.60875	0.2481658066901184
-4.6075	0.2474941692393252
-4.60625	0.246486713063135
-4.605	0.2458150756123418
-4.60375	0.2444718007107545
-4.6025	0.243800163259961
-4.60125	0.243800163259961
-4.6	0.2448076194361514
-4.59875	0.245143438161548
-4.5975	0.245143438161548
-4.59625	0.2458150756123412
-4.595	0.2461508943377382
-4.59375	0.2468225317885317
-4.5925	0.2471583505139285
-4.59125	0.247158350513929
-4.59	0.2481658066901187
-4.58875	0.2481658066901187
-4.5875	0.2474941692393255
-4.58625	0.246486713063135
-4.585	0.2458150756123415
-4.58375	0.2444718007107545
-4.5825	0.243800163259961
-4.58125	0.243800163259961
-4.58	0.2448076194361513
-4.57875	0.2451434381615478
-4.5775	0.2454792568869449
-4.57625	0.2458150756123415
-4.575	0.2461508943377382
-4.57375	0.2464867130631348
-4.5725	0.2468225317885317
-4.57125	0.2471583505139285
-4.57	0.2481658066901187
-4.56875	0.2481658066901184
-4.5675	0.2474941692393252
-4.56625	0.246486713063135
-4.565	0.2458150756123418
-4.56375	0.2444718007107545
-4.5625	0.243800163259961
-4.56125	0.243800163259961
-4.56	0.2444718007107548
-4.55875	0.245143438161548
-4.5575	0.245143438161548
-4.55625	0.2458150756123412
-4.555	0.2461508943377382
-4.55375	0.246486713063135
-4.5525	0.2468225317885317
-4.55125	0.247158350513929
-4.55	0.2481658066901187
-4.54875	0.2481658066901187
-4.5475	0.2474941692393255
-4.54625	0.2458150756123415
-4.545	0.2458150756123415
-4.54375	0.2444718007107545
-4.5425	0.2438001632599613
-4.54125	0.2441359819853578
-4.54	0.2448076194361513
-4.53875	0.2454792568869447
-4.5375	0.2454792568869449
-4.53625	0.2458150756123415
-4.535	0.2461508943377382
-4.53375	0.2464867130631348
-4.5325	0.2468225317885317
-4.53125	0.2471583505139285
-4.53	0.247829987964722
-4.52875	0.2478299879647217
-4.5275	0.2471583505139285
-4.52625	0.2461508943377382
-4.525	0.2458150756123416
-4.52375	0.2444718007107545
-4.5225	0.243800163259961
-4.52125	0.2441359819853578
-4.52	0.2448076194361514
-4.51875	0.245143438161548
-4.5175	0.2454792568869447
-4.51625	0.2458150756123413
-4.515	0.2461508943377384
-4.51375	0.246486713063135
-4.5125	0.2468225317885317
-4.51125	0.2471583505139283
-4.51	0.247829987964722
-4.50875	0.2474941692393252
-4.5075	0.2471583505139285
-4.50625	0.2461508943377381
-4.505	0.2458150756123415
-4.50375	0.2444718007107545
-4.5025	0.2441359819853579
-4.50125	0.2441359819853578
-4.5	0.2448076194361513
-4.49875	0.245143438161548
-4.4975	0.2454792568869449
-4.49625	0.2458150756123415
-4.495	0.2461508943377382
-4.49375	0.2464867130631348
-4.4925	0.2471583505139285
-4.49125	0.2471583505139285
-4.49	0.2481658066901187
-4.48875	0.2481658066901184
-4.4875	0.2474941692393252
-4.48625	0.246486713063135
-4.485	0.2461508943377384
-4.48375	0.2444718007107542
-4.4825	0.243800163259961
-4.48125	0.243800163259961
-4.48	0.2448076194361508
-4.47875	0.245143438161548
-4.4775	0.245143438161548
-4.47625	0.2458150756123415
-4.475	0.2461508943377385
-4.47375	0.2468225317885317
-4.4725	0.2468225317885317
-4.47125	0.2471583505139283
-4.47	0.2481658066901187
-4.46875	0.2481658066901187
-4.4675	0.2474941692393252
-4.46625	0.2464867130631347
-4.465	0.2458150756123415
-4.46375	0.2444718007107545
-4.4625	0.2438001632599613
-4.46125	0.243800163259961
-4.46	0.2444718007107545
-4.45875	0.245143438161548
-4.4575	0.2451434381615483
-4.45625	0.2458150756123415
-4.455	0.2461508943377382
-4.45375	0.2464867130631348
-4.4525	0.2468225317885319
-4.45125	0.2471583505139285
-4.45	0.2481658066901187
-4.44875	0.2481658066901187
-4.4475	0.2474941692393252
-4.44625	0.246486713063135
-4.445	0.2458150756123415
-4.44375	0.2444718007107542
-4.4425	0.243800163259961
-4.44125	0.243800163259961
-4.44	0.2444718007107542
-4.43875	0.245143438161548
-4.4375	0.245143438161548
-4.43625	0.2458150756123415
-4.435	0.2461508943377385
-4.43375	0.2468225317885317
-4.4325	0.2471583505139285
-4.43125	0.2471583505139285
-4.43	0.2481658066901187
-4.42875	0.2481658066901187
-4.4275	0.247829987964722
-4.42625	0.2464867130631348
-4.425	0.2461508943377382
-4.42375	0.2444718007107545
-4.4225	0.2438001632599613
-4.42125	0.2438001632599613
-4.42	0.2444718007107545
-4.41875	0.245143438161548
-4.4175	0.245143438161548
-4.41625	0.2458150756123415
-4.415	0.2461508943377382
-4.41375	0.2468225317885317
-4.4125	0.2471583505139285
-4.41125	0.2471583505139285
-4.41	0.2481658066901187
-4.40875	0.2481658066901187
-4.4075	0.2474941692393252
-4.40625	0.246486713063135
-4.405	0.2461508943377382
-4.40375	0.2448076194361508
-4.4025	0.243800163259961
-4.40125	0.243800163259961
-4.4	0.2444718007107542
-4.39875	0.245143438161548
-4.3975	0.2454792568869447
-4.39625	0.2458150756123415
-4.395	0.2458150756123418
-4.39375	0.246486713063135
-4.3925	0.2471583505139285
-4.39125	0.2471583505139285
-4.39	0.2481658066901187
-4.38875	0.2481658066901187
-4.3875	0.247829987964722
-4.38625	0.2464867130631356
-4.385	0.2461508943377382
-4.38375	0.2448076194361513
-4.3825	0.243800163259961
-4.38125	0.2438001632599613
-4.38	0.2444718007107545
-4.37875	0.245143438161548
-4.3775	0.245143438161548
-4.37625	0.2458150756123415
-4.375	0.2458150756123415
-4.37375	0.246486713063135
-4.3725	0.2471583505139285
-4.37125	0.2471583505139285
-4.37	0.2481658066901187
-4.36875	0.2481658066901187
-4.3675	0.247829987964722
-4.36625	0.246486713063135
-4.365	0.2458150756123415
-4.36375	0.2444718007107542
-4.3625	0.243800163259961
-4.36125	0.243800163259961
-4.36	0.2444718007107542
-4.35875	0.245143438161548
-4.3575	0.245143438161548
-4.35625	0.2454792568869447
-4.355	0.2458150756123413
-4.35375	0.246486713063135
-4.3525	0.2468225317885317
-4.35125	0.2471583505139285
-4.35	0.2481658066901187
-4.34875	0.2481658066901187
-4.3475	0.2474941692393252
-4.34625	0.2464867130631354
-4.345	0.2458150756123415
-4.34375	0.2444718007107545
-4.3425	0.243800163259961
-4.34125	0.2434643445345648
-4.34	0.2444718007107545
-4.33875	0.245143438161548
-4.3375	0.245143438161548
-4.33625	0.2458150756123415
-4.335	0.2461508943377382
-4.33375	0.246486713063135
-4.3325	0.2471583505139285
-4.33125	0.2471583505139285
-4.33	0.2481658066901187
-4.32875	0.2485016254155153
-4.3275	0.2478299879647215
-4.32625	0.2468225317885317
-4.325	0.2458150756123415
-4.32375	0.2448076194361517
-4.3225	0.243800163259961
-4.32125	0.243800163259961
-4.32	0.2444718007107545
-4.31875	0.245143438161548
-4.3175	0.245143438161548
-4.31625	0.2458150756123415
-4.315	0.2461508943377381
-4.31375	0.246486713063135
-4.3125	0.2468225317885317
-4.31125	0.2471583505139285
-4.31	0.2481658066901187
-4.30875	0.2481658066901187
-4.3075	0.247829987964722
-4.30625	0.2464867130631356
-4.305	0.2461508943377382
-4.30375	0.2448076194361513
-4.3025	0.243800163259961
-4.30125	0.2438001632599613
-4.3	0.2444718007107545
-4.29875	0.245143438161548
-4.2975	0.245143438161548
-4.29625	0.2458150756123416
-4.295	0.2461508943377382
-4.29375	0.2468225317885317
-4.2925	0.2468225317885317
-4.29125	0.2471583505139285
-4.29	0.2481658066901187
-4.28875	0.2481658066901187
-4.2875	0.2474941692393247
-4.28625	0.246486713063135
-4.285	0.2458150756123415
-4.28375	0.2444718007107551
-4.2825	0.2427927070837708
-4.28125	0.2411136134567871
-4.28	0.2750313047218583
-4.27875	0.4949925698569843
-4.2775	1.062862034502621
-4.27625	1.894685017310358
-4.275	2.659344255038398
-4.27375	2.750686948346661
-4.2725	2.750686948346661
-4.27125	2.750686948346661
-4.27	2.750686948346661
-4.26875	2.750686948346661
-4.2675	2.750686948346661
-4.26625	2.750686948346661
-4.265	2.750686948346661
-4.26375	2.750686948346661
-4.2625	2.750686948346661
-4.26125	2.750686948346661
-4.26	2.750686948346661
-4.25875	2.750686948346661
-4.2575	2.750686948346661
-4.25625	2.750686948346661
-4.255	2.750686948346661
-4.25375	2.750686948346661
-4.2525	2.750686948346661
-4.25125	2.750686948346661
-4.25	2.750686948346661
-4.24875	2.750686948346661
-4.2475	2.381286350409814
-4.24625	1.441329738024753
-4.245	0.6618944763789083
-4.24375	0.2884640537378979
-4.2425	0.2370837887520261
-4.24125	0.2390987011044066
-4.24	0.2427927070837708
-4.23875	0.2441359819853581
-4.2375	0.2448076194361513
-4.23625	0.2454792568869447
-4.235	0.2458150756123413
-4.23375	0.2461508943377385
-4.2325	0.2468225317885317
-4.23125	0.2468225317885317
-4.23	0.2478299879647215
-4.22875	0.2481658066901187
-4.2275	0.2474941692393252
-4.22625	0.2461508943377382
-4.225	0.2458150756123409
-4.22375	0.2444718007107545
-4.2225	0.2434643445345643
-4.22125	0.2434643445345643
-4.22	0.2444718007107545
-4.21875	0.2448076194361513
-4.2175	0.245143438161548
-4.21625	0.2454792568869449
-4.215	0.2458150756123415
-4.21375	0.246486713063135
-4.2125	0.2468225317885316
-4.21125	0.2471583505139285
-4.21	0.2481658066901187
-4.20875	0.2481658066901187
-4.2075	0.2478299879647214
-4.20625	0.246486713063135
-4.205	0.2458150756123415
-4.20375	0.2448076194361517
-4.2025	0.2438001632599608
-4.20125	0.2434643445345643
-4.2	0.2444718007107545
-4.19875	0.2448076194361511
-4.1975	0.245143438161548
-4.19625	0.2458150756123415
-4.195	0.2461508943377382
-4.19375	0.2464867130631351
-4.1925	0.2468225317885317
-4.19125	0.2471583505139285
-4.19	0.2478299879647217
-4.18875	0.2485016254155155
-4.1875	0.247829987964722
-4.18625	0.2468225317885317
-4.185	0.245815075612341
-4.18375	0.2448076194361513
-4.1825	0.243800163259961
-4.18125	0.2434643445345644
-4.18	0.2441359819853578
-4.17875	0.2448076194361513
-4.1775	0.245143438161548
-4.17625	0.2454792568869449
-4.175	0.2458150756123415
-4.17375	0.246486713063135
-4.1725	0.2468225317885316
-4.17125	0.2468225317885323
-4.17	0.2481658066901187
-4.16875	0.2485016254155155
-4.1675	0.2478299879647223
-4.16625	0.2468225317885317
-4.165	0.2458150756123415
-4.16375	0.2448076194361513
-4.1625	0.2434643445345643
-4.16125	0.2434643445345643
-4.16	0.2441359819853578
-4.15875	0.2451434381615475
-4.1575	0.245143438161548
-4.15625	0.2454792568869447
-4.155	0.2458150756123415
-4.15375	0.2464867130631351
-4.1525	0.2468225317885317
-4.15125	0.2471583505139285
-4.15	0.2478299879647217
-4.14875	0.2485016254155155
-4.1475	0.247829987964722
-4.14625	0.246486713063135
-4.145	0.245815075612341
-4.14375	0.2448076194361513
-4.1425	0.243800163259961
-4.14125	0.2434643445345644
-4.14	0.2441359819853582
-4.13875	0.245143438161548
-4.1375	0.245143438161548
-4.13625	0.2454792568869446
-4.135	0.2458150756123415
-4.13375	0.246486713063135
-4.1325	0.2468225317885317
-4.13125	0.247158350513929
-4.13	0.2481658066901187
-4.12875	0.2485016254155155
-4.1275	0.2478299879647223
-4.12625	0.2468225317885317
-4.125	0.2461508943377382
-4.12375	0.2448076194361513
-4.1225	0.2438001632599608
-4.12125	0.2434643445345643
-4.12	0.2444718007107545
-4.11875	0.2448076194361511
-4.1175	0.245143438161548
-4.11625	0.2458150756123415
-4.115	0.2461508943377382
-4.11375	0.2464867130631351
-4.1125	0.2468225317885317
-4.11125	0.2468225317885317
-4.11	0.2478299879647215
-4.10875	0.2485016254155152
-4.1075	0.247829987964722
-4.10625	0.2468225317885317
-4.105	0.2461508943377385
-4.10375	0.2448076194361513
-4.1025	0.243800163259961
-4.10125	0.2434643445345643
-4.1	0.2444718007107547
-4.09875	0.2448076194361513
-4.0975	0.245143438161548
-4.09625	0.2454792568869446
-4.095	0.2458150756123415
-4.09375	0.246486713063135
-4.0925	0.2471583505139285
-4.09125	0.247158350513929
-4.09	0.2481658066901187
-4.08875	0.2485016254155155
-4.0875	0.2478299879647223
-4.08625	0.2468225317885317
-4.085	0.2458150756123415
-4.08375	0.2448076194361513
-4.0825	0.2438001632599608
-4.08125	0.2434643445345643
-4.08	0.2441359819853578
-4.07875	0.244807619436151
-4.0775	0.2451434381615482
-4.07625	0.2454792568869447
-4.075	0.2458150756123415
-4.07375	0.2464867130631347
-4.0725	0.2468225317885317
-4.07125	0.2471583505139285
-4.07	0.247829987964722
-4.06875	0.2485016254155152
-4.0675	0.247829987964722
-4.06625	0.2468225317885317
-4.065	0.2458150756123419
-4.06375	0.245143438161548
-4.0625	0.243800163259961
-4.06125	0.2434643445345643
-4.06	0.2444718007107547
-4.05875	0.2448076194361513
-4.0575	0.245143438161548
-4.05625	0.2454792568869446
-4.055	0.2458150756123415
-4.05375	0.246486713063135
-4.0525	0.2471583505139285
-4.05125	0.247158350513929
-4.05	0.2481658066901187
-4.04875	0.2485016254155155
-4.0475	0.2478299879647223
-4.04625	0.2468225317885314
-4.045	0.2461508943377382
-4.04375	0.245143438161548
-4.0425	0.2438001632599616
-4.04125	0.2434643445345643
-4.04	0.2444718007107545
-4.03875	0.2448076194361513
-4.0375	0.2451434381615482
-4.03625	0.2454792568869447
-4.035	0.2461508943377382
-4.03375	0.2464867130631348
-4.0325	0.2468225317885317
-4.03125	0.2471583505139285
-4.03	0.2481658066901187
-4.02875	0.2485016254155152
-4.0275	0.247829987964722
-4.02625	0.2468225317885317
-4.025	0.2461508943377385
-4.02375	0.245143438161548
-4.0225	0.243800163259961
-4.02125	0.2434643445345643
-4.02	0.2441359819853581
-4.01875	0.2448076194361513
-4.0175	0.245143438161548
-4.01625	0.2454792568869446
-4.015	0.2458150756123418
-4.01375	0.246486713063135
-4.0125	0.2468225317885317
-4.01125	0.2471583505139283
-4.01	0.247829987964722
-4.00875	0.2485016254155155
-4.0075	0.247829987964722
-4.00625	0.2468225317885314
-4.005	0.2461508943377382
-4.00375	0.245143438161548
-4.0025	0.2438001632599616
-4.00125	0.2434643445345643
-4	0.2441359819853578
-3.99875	0.2448076194361513
-3.9975	0.2454792568869447
-3.99625	0.2454792568869447
-3.995	0.2461508943377382
-3.99375	0.246486713063135
-3.9925	0.2468225317885317
-3.99125	0.2471583505139285
-3.99	0.2481658066901187
-3.98875	0.2485016254155155
-3.9875	0.247829987964722
-3.98625	0.2468225317885317
-3.985	0.2458150756123415
-3.98375	0.245143438161548
-3.9825	0.243800163259961
-3.98125	0.2434643445345643
-3.98	0.2444718007107545
-3.97875	0.2448076194361513
-3.9775	0.245143438161548
-3.97625	0.2454792568869447
-3.975	0.2461508943377382
-3.97375	0.246486713063135
-3.9725	0.2471583505139285
-3.97125	0.2471583505139285
-3.97	0.247829987964722
-3.96875	0.2485016254155155
-3.9675	0.247829987964722
-3.96625	0.2468225317885317
-3.965	0.2461508943377382
-3.96375	0.245143438161548
-3.9625	0.3133146394170872
-3.96125	1.932968352005587
-3.96	2.750686948346661
-3.95875	2.750686948346661
-3.9575	2.750686948346661
-3.95625	2.750686948346661
-3.955	2.750686948346661
-3.95375	2.750686948346661
-3.9525	2.750686948346661
-3.95125	2.750686948346661
-3.95	2.750686948346661
-3.94875	2.272481083381696
-3.9475	0.4073438825281757
-3.94625	0.2468225317885317
-3.945	0.2458150756123415
-3.94375	0.245143438161548
-3.9425	0.243800163259961
-3.94125	0.2434643445345643
-3.94	0.2441359819853578
-3.93875	0.2448076194361513
-3.9375	0.245143438161548
-3.93625	0.2454792568869447
-3.935	0.2458150756123415
-3.93375	0.246486713063135
-3.9325	0.2468225317885317
-3.93125	0.2471583505139285
-3.93	0.247829987964722
-3.92875	0.2485016254155155
-3.9275	0.247829987964722
-3.92625	0.2468225317885317
-3.925	0.2461508943377382
-3.92375	0.245143438161548
-3.9225	0.243800163259961
-3.92125	0.2434643445345643
-3.92	0.2441359819853578
-3.91875	0.2448076194361513
-3.9175	0.245143438161548
-3.91625	0.2454792568869447
-3.915	0.2458150756123415
-3.91375	0.246486713063135
-3.9125	0.2471583505139285
-3.91125	0.2471583505139285
-3.91	0.2481658066901187
-3.90875	0.2485016254155155
-3.9075	0.247829987964722
-3.90625	0.2468225317885317
-3.905	0.2461508943377382
-3.90375	0.245143438161548
-3.9025	0.243800163259961
-3.90125	0.2434643445345643
-3.9	0.2441359819853578
-3.89875	0.2448076194361513
-3.8975	0.245143438161548
-3.89625	0.2454792568869447
-3.895	0.2458150756123415
-3.89375	0.246486713063135
-3.8925	0.2471583505139285
-3.89125	0.2471583505139285
-3.89	0.247829987964722
-3.88875	0.2488374441409122
-3.8875	0.247829987964722
-3.88625	0.2468225317885317
-3.885	0.2461508943377382
-3.88375	0.245143438161548
-3.8825	0.2434643445345643
-3.88125	0.2434643445345643
-3.88	0.2441359819853578
-3.87875	0.245143438161548
-3.8775	0.245143438161548
-3.87625	0.2454792568869447
-3.875	0.2461508943377382
-3.87375	0.246486713063135
-3.8725	0.2471583505139285
-3.87125	0.2471583505139285
-3.87	0.247829987964722
-3.86875	0.2488374441409122
-3.8675	0.247829987964722
-3.86625	0.2468225317885317
-3.865	0.2461508943377382
-3.86375	0.245143438161548
-3.8625	0.243800163259961
-3.86125	0.2434643445345643
-3.86	0.2441359819853578
-3.85875	0.2448076194361513
-3.8575	0.245143438161548
-3.85625	0.2454792568869447
-3.855	0.2461508943377382
-3.85375	0.2461508943377382
-3.8525	0.2471583505139285
-3.85125	0.2471583505139285
-3.85	0.2481658066901187
-3.84875	0.2485016254155155
-3.8475	0.247829987964722
-3.84625	0.2468225317885317
-3.845	0.2458150756123415
-3.84375	0.245143438161548
-3.8425	0.243800163259961
-3.84125	0.2434643445345643
-3.84	0.2441359819853578
-3.83875	0.2448076194361513
-3.8375	0.245143438161548
-3.83625	0.2454792568869447
-3.835	0.2458150756123415
-3.83375	0.246486713063135
-3.8325	0.2471583505139285
-3.83125	0.2471583505139285
-3.83	0.247829987964722
-3.82875	0.2488374441409122
-3.8275	0.247829987964722
-3.82625	0.2468225317885317
-3.825	0.2458150756123415
-3.82375	0.245143438161548
-3.8225	0.2434643445345643
-3.82125	0.2434643445345643
-3.82	0.2441359819853578
-3.81875	0.2448076194361513
-3.8175	0.245143438161548
-3.81625	0.2454792568869447
-3.815	0.2461508943377382
-3.81375	0.246486713063135
-3.8125	0.2471583505139285
-3.81125	0.2471583505139285
-3.81	0.2481658066901187
-3.80875	0.2488374441409122
-3.8075	0.247829987964722
-3.80625	0.2468225317885317
-3.805	0.2461508943377382
-3.80375	0.245143438161548
-3.8025	0.243800163259961
-3.80125	0.2434643445345643
-3.8	0.2441359819853578
-3.79875	0.2448076194361513
-3.7975	0.245143438161548
-3.79625	0.2454792568869447
-3.795	0.2461508943377382
-3.79375	0.246486713063135
-3.7925	0.2471583505139285
-3.79125	0.2471583505139285
-3.79	0.247829987964722
-3.78875	0.2488374441409122
-3.7875	0.247829987964722
-3.78625	0.2471583505139285
-3.785	0.2461508943377382
-3.78375	0.245143438161548
-3.7825	0.243800163259961
-3.78125	0.2434643445345643
-3.78	0.2441359819853578
-3.77875	0.2448076194361513
-3.7775	0.245143438161548
-3.77625	0.2454792568869447
-3.775	0.2461508943377382
-3.77375	0.246486713063135
-3.7725	0.2468225317885317
-3.77125	0.2471583505139285
-3.77	0.2481658066901187
-3.76875	0.2488374441409122
-3.7675	0.247829987964722
-3.76625	0.2471583505139285
-3.765	0.2461508943377382
-3.76375	0.245143438161548
-3.7625	0.243800163259961
-3.76125	0.2434643445345643
-3.76	0.2441359819853578
-3.75875	0.2448076194361513
-3.7575	0.245143438161548
-3.75625	0.2454792568869447
-3.755	0.2461508943377382
-3.75375	0.2461508943377382
-3.7525	0.2468225317885317
-3.75125	0.2471583505139285
-3.75	0.247829987964722
-3.74875	0.2488374441409122
-3.7475	0.247829987964722
-3.74625	0.2471583505139285
-3.745	0.2461508943377382
-3.74375	0.245143438161548
-3.7425	0.2434643445345643
-3.74125	0.2434643445345643
-3.74	0.2441359819853578
-3.73875	0.2448076194361513
-3.7375	0.245143438161548
-3.73625	0.2454792568869447
-3.735	0.2458150756123415
-3.73375	0.2461508943377382
-3.7325	0.2471583505139285
-3.73125	0.2471583505139285
-3.73	0.247829987964722
-3.72875	0.2488374441409122
-3.7275	1.492374184285058
-3.72625	2.750686948346661
-3.725	2.750686948346661
-3.72375	2.750686948346661
-3.7225	2.750686948346661
-3.72125	2.750686948346661
-3.72	2.750686948346661
-3.71875	2.406472754814997
-3.7175	0.3472323306821584
-3.71625	0.2454792568869447
-3.715	0.2458150756123415
-3.71375	0.2461508943377382
-3.7125	0.2471583505139285
-3.71125	0.2471583505139285
-3.71	0.247829987964722
-3.70875	0.2488374441409122
-3.7075	0.247829987964722
-3.70625	0.2471583505139285
-3.705	0.2458150756123415
-3.70375	0.245143438161548
-3.7025	0.2434643445345643
-3.70125	0.2434643445345643
-3.7	0.243800163259961
-3.69875	0.2448076194361513
-3.6975	0.245143438161548
-3.69625	0.245143438161548
-3.695	0.2458150756123415
-3.69375	0.2461508943377382
-3.6925	0.2471583505139285
-3.69125	0.2471583505139285
-3.69	0.247829987964722
-3.68875	0.2488374441409122
-3.6875	0.247829987964722
-3.68625	0.2471583505139285
-3.685	0.2458150756123415
-3.68375	0.245143438161548
-3.6825	0.2434643445345643
-3.68125	0.2434643445345643
-3.68	0.243800163259961
-3.67875	0.2448076194361513
-3.6775	0.245143438161548
-3.67625	0.2454792568869447
-3.675	0.2458150756123415
-3.67375	0.2461508943377382
-3.6725	0.2471583505139285
-3.67125	0.2471583505139285
-3.67	0.247829987964722
-3.66875	0.2488374441409122
-3.6675	0.247829987964722
-3.66625	0.2471583505139285
-3.665	0.2458150756123415
-3.66375	0.245143438161548
-3.6625	0.2434643445345643
-3.66125	0.2434643445345643
-3.66	0.243800163259961
-3.65875	0.2448076194361513
-3.6575	0.245143438161548
-3.65625	0.2454792568869447
-3.655	0.2458150756123415
-3.65375	0.246486713063135
-3.6525	0.2471583505139285
-3.65125	0.2471583505139285
-3.65	0.247829987964722
-3.64875	0.2488374441409122
-3.6475	0.2481658066901187
-3.64625	0.2471583505139285
-3.645	0.2461508943377382
-3.64375	0.2454792568869447
-3.6425	0.243800163259961
-3.64125	0.2434643445345643
-3.64	0.2441359819853578
-3.63875	0.2448076194361513
-3.6375	0.245143438161548
-3.63625	0.2454792568869447
-3.635	0.2461508943377382
-3.63375	0.246486713063135
-3.6325	0.2468225317885317
-3.63125	0.2471583505139285
-3.63	0.247829987964722
-3.62875	0.2491732628663089
-3.6275	0.2481658066901187
-3.62625	0.2471583505139285
-3.625	0.2461508943377382
-3.62375	0.245143438161548
-3.6225	0.2434643445345643
-3.62125	0.2434643445345643
-3.62	0.243800163259961
-3.61875	0.2448076194361513
-3.6175	0.245143438161548
-3.61625	0.2454792568869447
-3.615	0.2461508943377382
-3.61375	0.246486713063135
-3.6125	0.2471583505139285
-3.61125	0.2471583505139285
-3.61	0.247829987964722
-3.60875	0.2488374441409122
-3.6075	0.2481658066901187
-3.60625	0.2471583505139285
-3.605	0.2458150756123415
-3.60375	0.2454792568869447
-3.6025	0.2434643445345643
-3.60125	0.2431285258091675
-3.6	0.243800163259961
-3.59875	0.2448076194361513
-3.5975	0.245143438161548
-3.59625	0.2454792568869447
-3.595	0.2458150756123415
-3.59375	0.246486713063135
-3.5925	0.2471583505139285
-3.59125	0.2471583505139285
-3.59	0.247829987964722
-3.58875	0.2491732628663089
-3.5875	0.247829987964722
-3.58625	0.2471583505139285
-3.585	0.2461508943377382
-3.58375	0.245143438161548
-3.5825	0.243800163259961
-3.58125	0.2431285258091675
-3.58	0.243800163259961
-3.57875	0.2448076194361513
-3.5775	0.2448076194361513
-3.57625	0.2458150756123415
-3.575	0.2461508943377382
-3.57375	0.2461508943377382
-3.5725	0.2468225317885317
-3.57125	0.2471583505139285
-3.57	0.247829987964722
-3.56875	0.2488374441409122
-3.5675	0.2481658066901187
-3.56625	0.2471583505139285
-3.565	0.2461508943377382
-3.56375	0.2454792568869447
-3.5625	0.2434643445345643
-3.56125	0.2431285258091675
-3.56	0.243800163259961
-3.55875	0.2448076194361513
-3.5575	0.245143438161548
-3.55625	0.2454792568869447
-3.555	0.2458150756123415
-3.55375	0.246486713063135
-3.5525	0.2468225317885317
-3.55125	0.2471583505139285
-3.55	0.247829987964722
-3.54875	0.2491732628663089
-3.5475	0.9570791360026467
-3.54625	2.749007854719677
-3.545	2.750686948346661
-3.54375	2.750686948346661
-3.5425	2.750686948346661
-3.54125	2.750686948346661
-3.54	2.476994687148314
-3.53875	0.3838365717504036
-3.5375	0.245143438161548
-3.53625	0.2454792568869447
-3.535	0.2458150756123415
-3.53375	0.2461508943377382
-3.5325	0.2471583505139285
-3.53125	0.2471583505139285
-3.53	0.247829987964722
-3.52875	0.2488374441409122
-3.5275	0.2481658066901187
-3.52625	0.2471583505139285
-3.525	0.2461508943377382
-3.52375	0.2454792568869447
-3.5225	0.2434643445345643
-3.52125	0.2434643445345643
-3.52	0.243800163259961
-3.51875	0.2448076194361513
-3.5175	0.245143438161548
-3.51625	0.2454792568869447
-3.515	0.2458150756123415
-3.51375	0.2461508943377382
-3.5125	0.2468225317885317
-3.51125	0.2471583505139285
-3.51	0.247829987964722
-3.50875	0.2488374441409122
-3.5075	0.2481658066901187
-3.50625	0.2471583505139285
-3.505	0.2458150756123415
-3.50375	0.2454792568869447
-3.5025	0.2434643445345643
-3.50125	0.2431285258091675
-3.5	0.243800163259961
-3.49875	0.2448076194361513
-3.4975	0.2448076194361513
-3.49625	0.2454792568869447
-3.495	0.2458150756123415
-3.49375	0.2461508943377382
-3.4925	0.2468225317885317
-3.49125	0.2471583505139285
-3.49	0.247829987964722
-3.48875	0.2488374441409122
-3.4875	0.2481658066901187
-3.48625	0.2471583505139285
-3.485	0.2461508943377382
-3.48375	0.2454792568869447
-3.4825	0.2434643445345643
-3.48125	0.2434643445345643
-3.48	0.243800163259961
-3.47875	0.2448076194361513
-3.4775	0.245143438161548
-3.47625	0.2454792568869447
-3.475	0.2458150756123415
-3.47375	0.2461508943377382
-3.4725	0.2468225317885317
-3.47125	0.2471583505139285
-3.47	0.247829987964722
-3.46875	0.2491732628663089
-3.4675	0.2481658066901187
-3.46625	0.2471583505139285
-3.465	0.2458150756123415
-3.46375	0.2454792568869447
-3.4625	0.2434643445345643
-3.46125	0.2431285258091675
-3.46	0.2434643445345643
-3.45875	0.2448076194361513
-3.4575	0.245143438161548
-3.45625	0.245143438161548
-3.455	0.2458150756123415
-3.45375	0.2461508943377382
-3.4525	0.2471583505139285
-3.45125	0.2471583505139285
-3.45	0.247829987964722
-3.44875	0.2488374441409122
-3.4475	0.2481658066901187
-3.44625	0.2474941692393252
-3.445	0.2461508943377382
-3.44375	0.2454792568869447
-3.4425	0.2434643445345643
-3.44125	0.2431285258091675
-3.44	0.243800163259961
-3.43875	0.2448076194361513
-3.4375	0.245143438161548
-3.43625	0.2454792568869447
-3.435	0.2458150756123415
-3.43375	0.2461508943377382
-3.4325	0.2468225317885317
-3.43125	0.2474941692393252
-3.43	2.206660613203934
-3.42875	2.750686948346661
-3.4275	2.750686948346661
-3.42625	2.750686948346661
-3.425	2.750686948346661
-3.42375	2.107258270486497
-3.4225	0.2427927070837708
-3.42125	0.2431285258091675
-3.42	0.2434643445345643
-3.41875	0.2444718007107545
-3.4175	0.2448076194361513
-3.41625	0.245143438161548
-3.415	0.2458150756123415
-3.41375	0.2461508943377382
-3.4125	0.2468225317885317
-3.41125	0.2471583505139285
-3.41	0.247829987964722
-3.40875	0.2488374441409122
-3.4075	0.2481658066901187
-3.40625	0.2471583505139285
-3.405	0.2458150756123415
-3.40375	0.2454792568869447
-3.4025	0.2434643445345643
-3.40125	0.2431285258091675
-3.4	0.2434643445345643
-3.39875	0.2448076194361513
-3.3975	0.2448076194361513
-3.39625	0.2454792568869447
-3.395	0.2458150756123415
-3.39375	0.2461508943377382
-3.3925	0.2468225317885317
-3.39125	0.2471583505139285
-3.39	0.247829987964722
-3.38875	0.2491732628663089
-3.3875	0.2481658066901187
-3.38625	0.2471583505139285
-3.385	0.2461508943377382
-3.38375	0.2454792568869447
-3.3825	0.2434643445345643
-3.38125	0.2431285258091675
-3.38	0.2434643445345643
-3.37875	0.2444718007107545
-3.3775	0.2448076194361513
-3.37625	0.245143438161548
-3.375	0.2458150756123415
-3.37375	0.2461508943377382
-3.3725	0.2471583505139285
-3.37125	0.2471583505139285
-3.37	0.247829987964722
-3.36875	0.2488374441409122
-3.3675	0.2481658066901187
-3.36625	0.2471583505139285
-3.365	0.2461508943377382
-3.36375	0.2454792568869447
-3.3625	0.2434643445345643
-3.36125	0.2431285258091675
-3.36	0.2434643445345643
-3.35875	0.2444718007107545
-3.3575	0.2448076194361513
-3.35625	0.2454792568869447
-3.355	0.2458150756123415
-3.35375	0.2461508943377382
-3.3525	0.2471583505139285
-3.35125	0.2471583505139285
-3.35	0.247829987964722
-3.34875	0.2491732628663089
-3.3475	0.2481658066901187
-3.34625	0.2474941692393252
-3.345	0.246486713063135
-3.34375	0.243800163259961
-3.3425	0.2444718007107545
-3.34125	0.245143438161548
-3.34	0.2421210696329773
-3.33875	0.2454792568869447
-3.3375	0.243800163259961
-3.33625	0.2444718007107545
-3.335	0.2461508943377382
-3.33375	0.2468225317885317
-3.3325	0.2471583505139285
-3.33125	0.2468225317885317
-3.33	0.2468225317885317
-3.32875	0.2495090815917057
-3.3275	0.2491732628663089
-3.32625	0.2474941692393252
-3.325	0.2461508943377382
-3.32375	0.2458150756123415
-3.3225	0.2434643445345643
-3.32125	0.2431285258091675
-3.32	0.2431285258091675
-3.31875	0.2444718007107545
-3.3175	0.245143438161548
-3.31625	0.2448076194361513
-3.315	0.2458150756123415
-3.31375	0.2458150756123415
-3.3125	0.2471583505139285
-3.31125	0.246486713063135
-3.31	0.2481658066901187
-3.30875	0.2491732628663089
-3.3075	0.2481658066901187
-3.30625	0.2471583505139285
-3.305	0.2458150756123415
-3.30375	0.2454792568869447
-3.3025	0.2434643445345643
-3.30125	0.2431285258091675
-3.3	0.2434643445345643
-3.29875	0.2448076194361513
-3.2975	0.2448076194361513
-3.29625	0.2448076194361513
-3.295	0.2458150756123415
-3.29375	0.2461508943377382
-3.2925	0.2471583505139285
-3.29125	0.2471583505139285
-3.29	0.247829987964722
-3.28875	0.2488374441409122
-3.2875	0.2481658066901187
-3.28625	0.2474941692393252
-3.285	0.246486713063135
-3.28375	0.2454792568869447
-3.2825	0.243800163259961
-3.28125	0.2431285258091675
-3.28	0.2434643445345643
-3.27875	0.2441359819853578
-3.2775	0.2448076194361513
-3.27625	0.245143438161548
-3.275	0.2458150756123415
-3.27375	0.246486713063135
-3.2725	0.2471583505139285
-3.27125	0.2468225317885317
-3.27	0.2474941692393252
-3.26875	0.2491732628663089
-3.2675	0.2485016254155155
-3.26625	0.247829987964722
-3.265	0.2461508943377382
-3.26375	0.2458150756123415
-3.2625	0.2434643445345643
-3.26125	0.2431285258091675
-3.26	0.2434643445345643
-3.25875	0.2444718007107545
-3.2575	0.245143438161548
-3.25625	0.245143438161548
-3.255	0.2458150756123415
-3.25375	0.2461508943377382
-3.2525	0.2471583505139285
-3.25125	0.2471583505139285
-3.25	0.2481658066901187
-3.24875	0.2488374441409122
-3.2475	0.2481658066901187
-3.24625	0.2474941692393252
-3.245	0.2458150756123415
-3.24375	0.2458150756123415
-3.2425	0.2434643445345643
-3.24125	0.2434643445345643
-3.24	0.2434643445345643
-3.23875	0.2444718007107545
-3.2375	0.2448076194361513
-3.23625	0.245143438161548
-3.235	0.2458150756123415
-3.23375	0.2461508943377382
-3.2325	0.2471583505139285
-3.23125	0.2471583505139285
-3.23	0.2474941692393252
-3.22875	0.2491732628663089
-3.2275	0.2485016254155155
-3.22625	0.2474941692393252
-3.225	0.2461508943377382
-3.22375	0.2454792568869447
-3.2225	0.243800163259961
-3.22125	0.2427927070837708
-3.22	0.2434643445345643
-3.21875	0.2444718007107545
-3.2175	0.245143438161548
-3.21625	0.245143438161548
-3.215	0.2458150756123415
-3.21375	0.2461508943377382
-3.2125	0.2471583505139285
-3.21125	0.2471583505139285
-3.21	0.247829987964722
-3.20875	0.2488374441409122
-3.2075	0.2485016254155155
-3.20625	0.2474941692393252
-3.205	0.2461508943377382
-3.20375	0.2454792568869447
-3.2025	0.2434643445345643
-3.20125	0.2434643445345643
-3.2	0.2434643445345643
-3.19875	0.2448076194361513
-3.1975	0.2448076194361513
-3.19625	0.245143438161548
-3.195	0.2458150756123415
-3.19375	0.2461508943377382
-3.1925	0.2471583505139285
-3.19125	0.2471583505139285
-3.19	0.247829987964722
-3.18875	0.2491732628663089
-3.1875	0.2481658066901187
-3.18625	0.2474941692393252
-3.185	0.2461508943377382
-3.18375	0.2458150756123415
-3.1825	0.2434643445345643
-3.18125	0.2431285258091675
-3.18	0.2434643445345643
-3.17875	0.2444718007107545
-3.1775	0.2448076194361513
-3.17625	0.245143438161548
-3.175	0.2458150756123415
-3.17375	0.2461508943377382
-3.1725	0.2471583505139285
-3.17125	0.2474941692393252
-3.17	0.2474941692393252
-3.16875	0.2495090815917057
-3.1675	0.2481658066901187
-3.16625	0.2474941692393252
-3.165	0.2461508943377382
-3.16375	0.2458150756123415
-3.1625	0.2434643445345643
-3.16125	0.2427927070837708
-3.16	0.2434643445345643
-3.15875	0.2448076194361513
-3.1575	0.2448076194361513
-3.15625	0.245143438161548
-3.155	0.2454792568869447
-3.15375	0.2461508943377382
-3.1525	0.2471583505139285
-3.15125	0.2471583505139285
-3.15	0.247829987964722
-3.14875	0.2488374441409122
-3.1475	0.2485016254155155
-3.14625	0.247829987964722
-3.145	0.2461508943377382
-3.14375	0.2458150756123415
-3.1425	0.243800163259961
-3.14125	0.2427927070837708
-3.14	0.243800163259961
-3.13875	0.2444718007107545
-3.1375	0.245143438161548
-3.13625	0.245143438161548
-3.135	0.2458150756123415
-3.13375	0.2458150756123415
-3.1325	0.2468225317885317
-3.13125	0.2471583505139285
-3.13	0.2474941692393252
-3.12875	0.2488374441409122
-3.1275	0.2485016254155155
-3.12625	0.247829987964722
-3.125	0.2461508943377382
-3.12375	0.2458150756123415
-3.1225	0.2434643445345643
-3.12125	0.2431285258091675
-3.12	0.2434643445345643
-3.11875	0.2444718007107545
-3.1175	0.2448076194361513
-3.11625	0.245143438161548
-3.115	0.2458150756123415
-3.11375	0.2461508943377382
-3.1125	0.2468225317885317
-3.11125	0.2471583505139285
-3.11	0.2474941692393252
-3.10875	0.2488374441409122
-3.1075	0.2485016254155155
-3.10625	0.247829987964722
-3.105	0.2461508943377382
-3.10375	0.2458150756123415
-3.1025	0.2434643445345643
-3.10125	0.2431285258091675
-3.1	0.2431285258091675
-3.09875	0.2444718007107545
-3.0975	0.2448076194361513
-3.09625	0.245143438161548
-3.095	0.2458150756123415
-3.09375	0.2461508943377382
-3.0925	0.2471583505139285
-3.09125	0.2471583505139285
-3.09	0.2474941692393252
-3.08875	0.2488374441409122
-3.0875	0.2481658066901187
-3.08625	0.247829987964722
-3.085	0.246486713063135
-3.08375	0.2458150756123415
-3.0825	0.2434643445345643
-3.08125	0.2431285258091675
-3.08	0.2434643445345643
-3.07875	0.2444718007107545
-3.0775	0.245143438161548
-3.07625	0.245143438161548
-3.075	0.2461508943377382
-3.07375	0.2461508943377382
-3.0725	0.2468225317885317
-3.07125	0.2471583505139285
-3.07	0.2474941692393252
-3.06875	0.2491732628663089
-3.0675	0.2488374441409122
-3.06625	0.247829987964722
-3.065	0.246486713063135
-3.06375	0.2458150756123415
-3.0625	0.2434643445345643
-3.06125	0.2431285258091675
-3.06	0.2434643445345643
-3.05875	0.2444718007107545
-3.0575	0.2448076194361513
-3.05625	0.245143438161548
-3.055	0.2458150756123415
-3.05375	0.2461508943377382
-3.0525	0.2471583505139285
-3.05125	0.2471583505139285
-3.05	0.247829987964722
-3.04875	0.2491732628663089
-3.0475	0.2485016254155155
-3.04625	0.247829987964722
-3.045	0.246486713063135
-3.04375	0.2458150756123415
-3.0425	0.243800163259961
-3.04125	0.2431285258091675
-3.04	0.2431285258091675
-3.03875	0.2444718007107545
-3.0375	0.2448076194361513
-3.03625	0.245143438161548
-3.035	0.2458150756123415
-3.03375	0.2461508943377382
-3.0325	0.2471583505139285
-3.03125	0.2471583505139285
-3.03	0.2474941692393252
-3.02875	0.2488374441409122
-3.0275	0.2485016254155155
-3.02625	0.247829987964722
-3.025	0.246486713063135
-3.02375	0.2458150756123415
-3.0225	0.243800163259961
-3.02125	0.2431285258091675
-3.02	0.2434643445345643
-3.01875	0.2444718007107545
-3.0175	0.2448076194361513
-3.01625	0.245143438161548
-3.015	0.2458150756123415
-3.01375	0.2461508943377382
-3.0125	0.2471583505139285
-3.01125	0.2471583505139285
-3.01	0.247829987964722
-3.00875	0.2491732628663089
-3.0075	0.2485016254155155
-3.00625	0.2474941692393252
-3.005	0.246486713063135
-3.00375	0.2458150756123415
-3.0025	0.243800163259961
-3.00125	0.2431285258091675
-3	0.2431285258091675
-2.99875	0.2444718007107545
-2.9975	0.2448076194361513
-2.99625	0.245143438161548
-2.995	0.2458150756123415
-2.99375	0.2461508943377382
-2.9925	0.2471583505139285
-2.99125	0.2471583505139285
-2.99	0.2474941692393252
-2.98875	0.2491732628663089
-2.9875	0.2485016254155155
-2.98625	0.247829987964722
-2.985	0.246486713063135
-2.98375	0.2458150756123415
-2.9825	0.2434643445345643
-2.98125	0.2431285258091675
-2.98	0.2434643445345643
-2.97875	0.2441359819853578
-2.9775	0.2448076194361513
-2.97625	0.245143438161548
-2.975	0.2458150756123415
-2.97375	0.2458150756123415
-2.9725	0.2468225317885317
-2.97125	0.2471583505139285
-2.97	0.247829987964722
-2.96875	0.2488374441409122
-2.9675	0.2485016254155155
-2.96625	0.247829987964722
-2.965	0.246486713063135
-2.96375	0.2458150756123415
-2.9625	0.243800163259961
-2.96125	0.2431285258091675
-2.96	0.2431285258091675
-2.95875	0.2444718007107545
-2.9575	0.2448076194361513
-2.95625	0.245143438161548
-2.955	0.2458150756123415
-2.95375	0.2461508943377382
-2.9525	0.2468225317885317
-2.95125	0.2471583505139285
-2.95	0.2474941692393252
-2.94875	0.2488374441409122
-2.9475	0.2488374441409122
-2.94625	0.247829987964722
-2.945	0.2461508943377382
-2.94375	0.2458150756123415
-2.9425	0.243800163259961
-2.94125	0.2427927070837708
-2.94	0.2431285258091675
-2.93875	0.2444718007107545
-2.9375	0.245143438161548
-2.93625	0.245143438161548
-2.935	0.2458150756123415
-2.93375	0.2461508943377382
-2.9325	0.2468225317885317
-2.93125	0.2471583505139285
-2.93	0.247829987964722
-2.92875	0.2491732628663089
-2.9275	0.2485016254155155
-2.92625	0.247829987964722
-2.925	0.246486713063135
-2.92375	0.2458150756123415
-2.9225	0.243800163259961
-2.92125	0.2431285258091675
-2.92	0.2434643445345643
-2.91875	0.2444718007107545
-2.9175	0.2448076194361513
-2.91625	0.245143438161548
-2.915	0.2458150756123415
-2.91375	0.2461508943377382
-2.9125	0.2468225317885317
-2.91125	0.2471583505139285
-2.91	0.247829987964722
-2.90875	0.2491732628663089
-2.9075	0.2485016254155155
-2.90625	0.247829987964722
-2.905	0.246486713063135
-2.90375	0.2458150756123415
-2.9025	0.243800163259961
-2.90125	0.2431285258091675
-2.9	0.2434643445345643
-2.89875	0.2444718007107545
-2.8975	0.2448076194361513
-2.89625	0.245143438161548
-2.895	0.2458150756123415
-2.89375	0.2461508943377382
-2.8925	0.2468225317885317
-2.89125	0.2471583505139285
-2.89	0.247829987964722
-2.88875	0.2491732628663089
-2.8875	0.2485016254155155
-2.88625	0.247829987964722
-2.885	0.246486713063135
-2.88375	0.2458150756123415
-2.8825	0.243800163259961
-2.88125	0.2431285258091675
-2.88	0.2434643445345643
-2.87875	0.2441359819853578
-2.8775	0.2448076194361513
-2.87625	0.245143438161548
-2.875	0.2458150756123415
-2.87375	0.2461508943377382
-2.8725	0.2468225317885317
-2.87125	0.2471583505139285
-2.87	0.247829987964722
-2.86875	0.2485016254155155
-2.8675	0.2485016254155155
-2.86625	0.247829987964722
-2.865	0.246486713063135
-2.86375	0.2458150756123415
-2.8625	0.243800163259961
-2.86125	0.2431285258091675
-2.86	0.2431285258091675
-2.85875	0.2444718007107545
-2.8575	0.245143438161548
-2.85625	0.245143438161548
-2.855	0.2458150756123415
-2.85375	0.2458150756123415
-2.8525	0.2471583505139285
-2.85125	0.2471583505139285
-2.85	0.2474941692393252
-2.84875	0.2488374441409122
-2.8475	0.2485016254155155
-2.84625	0.2481658066901187
-2.845	0.246486713063135
-2.84375	0.2458150756123415
-2.8425	0.243800163259961
-2.84125	0.2431285258091675
-2.84	0.2434643445345643
-2.83875	0.2444718007107545
-2.8375	0.2448076194361513
-2.83625	0.245143438161548
-2.835	0.2458150756123415
-2.83375	0.2461508943377382
-2.8325	0.2471583505139285
-2.83125	0.2471583505139285
-2.83	0.2474941692393252
-2.82875	0.2488374441409122
-2.8275	0.2485016254155155
-2.82625	0.247829987964722
-2.825	0.246486713063135
-2.82375	0.2458150756123415
-2.8225	0.243800163259961
-2.82125	0.2431285258091675
-2.82	0.2434643445345643
-2.81875	0.2444718007107545
-2.8175	0.2448076194361513
-2.81625	0.245143438161548
-2.815	0.2458150756123415
-2.81375	0.2461508943377382
-2.8125	0.2468225317885317
-2.81125	0.2471583505139285
-2.81	0.2474941692393252
-2.80875	0.2488374441409122
-2.8075	0.2488374441409122
-2.80625	0.2481658066901187
-2.805	0.246486713063135
-2.80375	0.2458150756123415
-2.8025	0.2441359819853578
-2.80125	0.2434643445345643
-2.8	0.2434643445345643
-2.79875	0.2441359819853578
-2.7975	0.2448076194361513
-2.79625	0.245143438161548
-2.795	0.2458150756123415
-2.79375	0.2461508943377382
-2.7925	0.2471583505139285
-2.79125	0.2471583505139285
-2.79	0.2474941692393252
-2.78875	0.2488374441409122
-2.7875	0.2488374441409122
-2.78625	0.247829987964722
-2.785	0.246486713063135
-2.78375	0.2458150756123415
-2.7825	0.2441359819853578
-2.78125	0.2431285258091675
-2.78	0.2431285258091675
-2.77875	0.2444718007107545
-2.7775	0.245143438161548
-2.77625	0.245143438161548
-2.775	0.2458150756123415
-2.77375	0.2461508943377382
-2.7725	0.2468225317885317
-2.77125	0.2471583505139285
-2.77	0.2474941692393252
-2.76875	0.2488374441409122
-2.7675	0.2488374441409122
-2.76625	0.2481658066901187
-2.765	0.246486713063135
-2.76375	0.2458150756123415
-2.7625	0.2441359819853578
-2.76125	0.2431285258091675
-2.76	0.2434643445345643
-2.75875	0.2444718007107545
-2.7575	0.2448076194361513
-2.75625	0.245143438161548
-2.755	0.2458150756123415
-2.75375	0.2461508943377382
-2.7525	0.2468225317885317
-2.75125	0.2471583505139285
-2.75	0.2474941692393252
-2.74875	0.2488374441409122
-2.7475	0.2488374441409122
-2.74625	0.247829987964722
-2.745	0.246486713063135
-2.74375	0.2461508943377382
-2.7425	0.243800163259961
-2.74125	0.2431285258091675
-2.74	0.2434643445345643
-2.73875	0.2444718007107545
-2.7375	0.2448076194361513
