-5	0.2414494321821838
-4.99875	0.2431285258091675
-4.9975	0.2434643445345644
-4.99625	0.243800163259961
-4.995	0.2444718007107545
-4.99375	0.2448076194361511
-4.9925	0.2454792568869447
-4.99125	0.2458150756123415
-4.99	0.246486713063135
-4.98875	0.2478299879647217
-4.9875	0.2471583505139285
-4.98625	0.246486713063135
-4.985	0.2451434381615486
-4.98375	0.2444718007107534
-4.9825	0.2421210696329773
-4.98125	0.2414494321821838
-4.98	0.2417852509075804
-4.97875	0.2427927070837708
-4.9775	0.2434643445345643
-4.97625	0.243800163259961
-4.975	0.2444718007107547
-4.97375	0.2448076194361513
-4.9725	0.2454792568869447
-4.97125	0.2458150756123413
-4.97	0.246486713063135
-4.96875	0.247829987964722
-4.9675	0.2474941692393252
-4.96625	0.2464867130631344
-4.965	0.245143438161548
-4.96375	0.2444718007107545
-4.9625	0.2421210696329784
-4.96125	0.2414494321821838
-4.96	0.2417852509075805
-4.95875	0.2427927070837708
-4.9575	0.2434643445345643
-4.95625	0.2434643445345643
-4.955	0.2444718007107545
-4.95375	0.2444718007107545
-4.9525	0.2454792568869449
-4.95125	0.2458150756123415
-4.95	0.246486713063135
-4.94875	0.2478299879647214
-4.9475	0.2474941692393252
-4.94625	0.246486713063135
-4.945	0.2448076194361513
-4.94375	0.2441359819853569
-4.9425	0.2421210696329773
-4.94125	0.2414494321821838
-4.94	0.2417852509075804
-4.93875	0.2427927070837708
-4.9375	0.2434643445345643
-4.93625	0.2434643445345643
-4.935	0.2444718007107545
-4.93375	0.2444718007107545
-4.9325	0.2454792568869447
-4.93125	0.2458150756123413
-4.93	0.246486713063135
-4.92875	0.247829987964722
-4.9275	0.2471583505139285
-4.92625	0.2464867130631344
-4.925	0.245143438161548
-4.92375	0.2444718007107545
-4.9225	0.2421210696329784
-4.92125	0.2414494321821838
-4.92	0.2414494321821838
-4.91875	0.2427927070837708
-4.9175	0.2431285258091674
-4.91625	0.2434643445345643
-4.915	0.2444718007107545
-4.91375	0.2444718007107545
-4.9125	0.2454792568869449
-4.91125	0.2458150756123415
-4.91	0.246486713063135
-4.90875	0.2478299879647214
-4.9075	0.2474941692393252
-4.90625	0.246486713063135
-4.905	0.245143438161548
-4.90375	0.2444718007107534
-4.9025	0.2421210696329773
-4.90125	0.2414494321821838
-4.9	0.2417852509075804
-4.89875	0.2427927070837708
-4.8975	0.2434643445345643
-4.89625	0.2434643445345643
-4.895	0.2444718007107545
-4.89375	0.2444718007107545
-4.8925	0.2454792568869447
-4.89125	0.2458150756123413
-4.89	0.2464867130631356
-4.88875	0.247829987964722
-4.8875	0.2474941692393252
-4.88625	0.246822531788532
-4.885	0.245143438161548
-4.88375	0.2444718007107545
-4.8825	0.2421210696329773
-4.88125	0.2414494321821838
-4.88	0.2414494321821838
-4.87875	0.2427927070837708
-4.8775	0.243464344534564
-4.87625	0.2434643445345643
-4.875	0.2444718007107545
-4.87375	0.2444718007107545
-4.8725	0.2454792568869449
-4.87125	0.2458150756123415
-4.87	0.246486713063135
-4.86875	0.2478299879647214
-4.8675	0.2474941692393252
-4.86625	0.2468225317885317
-4.865	0.245143438161548
-4.86375	0.2444718007107534
-4.8625	0.2421210696329773
-4.86125	0.2414494321821838
-4.86	0.2414494321821838
-4.85875	0.2427927070837711
-4.8575	0.2434643445345643
-4.85625	0.2434643445345643
-4.855	0.244471800710754
-4.85375	0.2448076194361513
-4.8525	0.2454792568869447
-4.85125	0.2458150756123415
-4.85	0.2464867130631356
-4.84875	0.247829987964722
-4.8475	0.2474941692393252
-4.84625	0.246822531788532
-4.845	0.245143438161548
-4.84375	0.2444718007107545
-4.8425	0.2421210696329773
-4.84125	0.2414494321821838
-4.84	0.2414494321821838
-4.83875	0.2427927070837708
-4.8375	0.243464344534564
-4.83625	0.2434643445345643
-4.835	0.2441359819853578
-4.83375	0.2444718007107545
-4.8325	0.2454792568869449
-4.83125	0.2458150756123415
-4.83	0.2461508943377382
-4.82875	0.2478299879647212
-4.8275	0.2474941692393249
-4.82625	0.2468225317885317
-4.825	0.245143438161548
-4.82375	0.2444718007107548
-4.8225	0.2421210696329773
-4.82125	0.2414494321821838
-4.82	0.2414494321821838
-4.81875	0.242792707083771
-4.8175	0.2431285258091675
-4.81625	0.2434643445345643
-4.815	0.2441359819853575
-4.81375	0.2444718007107545
-4.8125	0.2454792568869447
-4.81125	0.2458150756123415
-4.81	0.2464867130631356
-4.80875	0.247829987964722
-4.8075	0.2474941692393252
-4.80625	0.246822531788532
-4.805	0.245143438161548
-4.80375	0.2444718007107545
-4.8025	0.2421210696329773
-4.80125	0.2414494321821838
-4.8	0.2414494321821838
-4.79875	0.2427927070837708
-4.7975	0.2431285258091674
-4.79625	0.2434643445345646
-4.795	0.2441359819853578
-4.79375	0.2444718007107545
-4.7925	0.2454792568869443
-4.79125	0.2458150756123415
-4.79	0.2461508943377382
-4.78875	0.247829987964722
-4.7875	0.2478299879647217
-4.78625	0.2471583505139285
-4.785	0.245143438161548
-4.78375	0.2444718007107548
-4.7825	0.2421210696329773
-4.78125	0.2411136134567871
-4.78	0.2414494321821838
-4.77875	0.2424568883583743
-4.7775	0.2431285258091675
-4.77625	0.2434643445345643
-4.775	0.2441359819853575
-4.77375	0.2444718007107545
-4.7725	0.2454792568869447
-4.77125	0.2458150756123415
-4.77	0.2464867130631357
-4.76875	0.2481658066901187
-4.7675	0.247829987964722
-4.76625	0.2471583505139288
-4.765	0.2454792568869443
-4.76375	0.2444718007107545
-4.7625	0.2421210696329773
-4.76125	0.2411136134567875
-4.76	0.2411136134567871
-4.75875	0.242456888358374
-4.7575	0.2431285258091675
-4.75625	0.2434643445345646
-4.755	0.2441359819853578
-4.75375	0.2444718007107545
-4.7525	0.2454792568869443
-4.75125	0.2458150756123415
-4.75	0.246486713063135
-4.74875	0.2481658066901187
-4.7475	0.2481658066901182
-4.74625	0.2471583505139285
-4.745	0.2454792568869447
-4.74375	0.244471800710755
-4.7425	0.2421210696329773
-4.74125	0.2411136134567871
-4.74	0.2411136134567871
-4.73875	0.2421210696329778
-4.7375	0.2431285258091675
-4.73625	0.2431285258091675
-4.735	0.2441359819853573
-4.73375	0.244471800710755
-4.7325	0.2454792568869447
-4.73125	0.2461508943377382
-4.73	0.2464867130631348
-4.72875	0.2481658066901187
-4.7275	0.2481658066901187
-4.72625	0.2471583505139285
-4.725	0.2454792568869443
-4.72375	0.2444718007107545
-4.7225	0.2421210696329773
-4.72125	0.2411136134567875
-4.72	0.2411136134567871
-4.71875	0.242456888358374
-4.7175	0.2431285258091675
-4.71625	0.243128525809168
-4.715	0.2441359819853578
-4.71375	0.2444718007107545
-4.7125	0.2454792568869443
-4.71125	0.2461508943377382
-4.71	0.246486713063135
-4.70875	0.2481658066901187
-4.7075	0.2481658066901182
-4.70625	0.2471583505139285
-4.705	0.2454792568869447
-4.70375	0.2448076194361516
-4.7025	0.2424568883583734
-4.70125	0.2411136134567871
-4.7	0.2411136134567871
-4.69875	0.2424568883583734
-4.6975	0.2431285258091675
-4.69625	0.2434643445345643
-4.695	0.2441359819853578
-4.69375	0.244471800710755
-4.6925	0.2454792568869447
-4.69125	0.2458150756123415
-4.69	0.2461508943377381
-4.68875	0.247829987964722
-4.6875	0.247829987964722
-4.68625	0.2471583505139285
-4.685	0.2454792568869443
-4.68375	0.2444718007107545
-4.6825	0.2421210696329773
-4.68125	0.2411136134567875
-4.68	0.2411136134567871
-4.67875	0.242456888358374
-4.6775	0.2431285258091675
-4.67625	0.2434643445345646
-4.675	0.2441359819853578
-4.67375	0.2444718007107545
-4.6725	0.2454792568869443
-4.67125	0.2458150756123418
-4.67	0.246486713063135
-4.66875	0.2481658066901187
-4.6675	0.2481658066901187
-4.66625	0.2471583505139285
-4.665	0.2458150756123415
-4.66375	0.2448076194361513
-4.6625	0.2424568883583734
-4.66125	0.2411136134567871
-4.66	0.2411136134567871
-4.65875	0.2424568883583734
-4.6575	0.2431285258091675
-4.65625	0.2434643445345643
-4.655	0.2441359819853578
-4.65375	0.244471800710755
-4.6525	0.2454792568869447
-4.65125	0.2458150756123415
-4.65	0.2464867130631347
-4.64875	0.247829987964722
-4.6475	0.2481658066901187
-4.64625	0.2471583505139285
-4.645	0.2454792568869444
-4.64375	0.2448076194361513
-4.6425	0.242456888358374
-4.64125	0.2411136134567877
-4.64	0.2411136134567877
-4.63875	0.242456888358374
-4.6375	0.2431285258091675
-4.63625	0.2434643445345641
-4.635	0.2441359819853578
-4.63375	0.2444718007107545
-4.6325	0.2454792568869447
-4.63125	0.2458150756123416
-4.63	0.2461508943377382
-4.62875	0.247829987964722
-4.6275	0.2481658066901185
-4.62625	0.247829987964722
-4.625	0.2461508943377382
-4.62375	0.2454792568869447
-4.6225	0.24279270708377
-4.62125	0.2411136134567871
-4.62	0.2407777947313903
-4.61875	0.2414494321821835
-4.6175	0.2421210696329773
-4.61625	0.242456888358374
-4.615	0.2431285258091675
-4.61375	0.2438001632599616
-4.6125	0.245143438161548
-4.61125	0.2458150756123415
-4.61	0.2464867130631347
-4.60875	0.2485016254155158
-4.6075	0.2491732628663089
-4.60625	0.2491732628663089
-4.605	0.2471583505139294
-4.60375	0.2458150756123415
-4.6025	0.2427927070837708
-4.60125	0.2407777947313903
-4.6	0.2401061572805971
-4.59875	0.2407777947313903
-4.5975	0.2417852509075805
-4.59625	0.2421210696329771
-4.595	0.2431285258091675
-4.59375	0.2441359819853578
-4.5925	0.245143438161548
-4.59125	0.2461508943377384
-4.59	0.246486713063135
-4.58875	0.2485016254155155
-4.5875	0.2495090815917052
-4.58625	0.2491732628663089
-4.585	0.2471583505139285
-4.58375	0.2454792568869447
-4.5825	0.2427927070837699
-4.58125	0.2407777947313903
-4.58	0.2404419760059936
-4.57875	0.2411136134567868
-4.5775	0.2417852509075807
-4.57625	0.2421210696329773
-4.575	0.2431285258091675
-4.57375	0.2441359819853573
-4.5725	0.245143438161548
-4.57125	0.2461508943377382
-4.57	0.246486713063135
-4.56875	0.2485016254155159
-4.5675	0.2495090815917057
-4.56625	0.2491732628663089
-4.565	0.2471583505139294
-4.56375	0.2458150756123415
-4.5625	0.2431285258091675
-4.56125	0.2411136134567871
-4.56	0.2401061572805971
-4.55875	0.2407777947313903
-4.5575	0.2417852509075805
-4.55625	0.2421210696329771
-4.555	0.2431285258091675
-4.55375	0.2441359819853578
-4.5525	0.245143438161548
-4.55125	0.2461508943377384
-4.55	0.246486713063135
-4.54875	0.2488374441409122
-4.5475	0.2505165377678951
-4.54625	0.2495090815917046
-4.545	0.2471583505139285
-4.54375	0.2454792568869447
-4.5425	0.242792707083772
-4.54125	0.2404419760059936
-4.54	0.2390987011044066
-4.53875	0.2401061572805968
-4.5375	0.2414494321821841
-4.53625	0.2421210696329773
-4.535	0.2431285258091675
-4.53375	0.2441359819853573
-4.5325	0.2454792568869447
-4.53125	0.2461508943377382
-4.53	0.2468225317885317
-4.52875	0.2491732628663097
-4.5275	0.2508523564932927
-4.52625	0.2498449003171024
-4.525	0.2471583505139297
-4.52375	0.2454792568869447
-4.5225	0.242456888358374
-4.52125	0.2404419760059936
-4.52	0.2394345198298038
-4.51875	0.2404419760059936
-4.5175	0.2414494321821838
-4.51625	0.242121069632977
-4.515	0.243128525809168
-4.51375	0.2441359819853578
-4.5125	0.245143438161548
-4.51125	0.2461508943377378
-4.51	0.2468225317885317
-4.50875	0.2488374441409122
-4.5075	0.2508523564932927
-4.50625	0.2498449003171012
-4.505	0.2471583505139285
-4.50375	0.2454792568869447
-4.5025	0.242792707083772
-4.50125	0.2404419760059936
-4.5	0.2390987011044066
-4.49875	0.2401061572805968
-4.4975	0.2414494321821841
-4.49625	0.2421210696329773
-4.495	0.2431285258091675
-4.49375	0.2438001632599607
-4.4925	0.245143438161548
-4.49125	0.246486713063135
-4.49	0.2471583505139285
-4.48875	0.2495090815917065
-4.4875	0.2511881752186894
-4.48625	0.2498449003171024
-4.485	0.2471583505139297
-4.48375	0.2454792568869434
-4.4825	0.242456888358374
-4.48125	0.2394345198298033
-4.48	0.2384270636536136
-4.47875	0.2397703385552001
-4.4775	0.2414494321821838
-4.47625	0.2421210696329773
-4.475	0.243128525809168
-4.47375	0.2441359819853578
-4.4725	0.2454792568869447
-4.47125	0.2468225317885311
-4.47	0.2471583505139285
-4.46875	0.2495090815917057
-4.4675	0.2511881752186894
-4.46625	0.2498449003171012
-4.465	0.2471583505139285
-4.46375	0.2454792568869447
-4.4625	0.2424568883583754
-4.46125	0.2397703385552001
-4.46	0.2387628823790099
-4.45875	0.2397703385552001
-4.4575	0.2414494321821841
-4.45625	0.2421210696329773
-4.455	0.2431285258091675
-4.45375	0.2441359819853573
-4.4525	0.2454792568869452
-4.45125	0.246486713063135
-4.45	0.2468225317885317
-4.44875	0.2491732628663079
-4.4475	0.2515239939440861
-4.44625	0.2495090815917057
-4.445	0.2471583505139285
-4.44375	0.2454792568869437
-4.4425	0.2431285258091675
-4.44125	0.2404419760059936
-4.44	0.2390987011044072
-4.43875	0.2401061572805968
-4.4375	0.2414494321821838
-4.43625	0.2421210696329773
-4.435	0.2431285258091678
-4.43375	0.243800163259961
-4.4325	0.245143438161548
-4.43125	0.2461508943377378
-4.43	0.2468225317885317
-4.42875	0.2488374441409122
-4.4275	0.2505165377678959
-4.42625	0.2498449003171014
-4.425	0.2474941692393252
-4.42375	0.2458150756123415
-4.4225	0.2431285258091687
-4.42125	0.240441976005993
-4.42	0.2390987011044066
-4.41875	0.2401061572805968
-4.4175	0.2414494321821832
-4.41625	0.2421210696329773
-4.415	0.2434643445345643
-4.41375	0.2441359819853578
-4.4125	0.2451434381615485
-4.41125	0.2461508943377382
-4.41	0.246486713063135
-4.40875	0.2485016254155145
-4.4075	0.2501807190424992
-4.40625	0.2495090815917057
-4.405	0.2474941692393252
-4.40375	0.2454792568869438
-4.4025	0.2434643445345643
-4.40125	0.2414494321821838
-4.4	0.2407777947313906
-4.39875	0.2417852509075805
-4.3975	0.242456888358374
-4.39625	0.2431285258091675
-4.395	0.2441359819853579
-4.39375	0.2444718007107545
-4.3925	0.245143438161548
-4.39125	0.2458150756123412
-4.39	0.2461508943377388
-4.38875	0.2474941692393252
-4.3875	0.2485016254155155
-4.38625	0.2474941692393257
-4.385	0.2458150756123415
-4.38375	0.2448076194361513
-4.3825	0.2431285258091675
-4.38125	0.2414494321821836
-4.38	0.2411136134567871
-4.37875	0.2421210696329773
-4.3775	0.2431285258091671
-4.37625	0.2434643445345643
-4.375	0.2441359819853578
-4.37375	0.2444718007107545
-4.3725	0.2451434381615483
-4.37125	0.2458150756123415
-4.37	0.2461508943377382
-4.36875	0.2474941692393246
-4.3675	0.2485016254155155
-4.36625	0.2474941692393252
-4.365	0.2458150756123415
-4.36375	0.2448076194361505
-4.3625	0.2431285258091675
-4.36125	0.2414494321821838
-4.36	0.2411136134567872
-4.35875	0.2421210696329778
-4.3575	0.2431285258091675
-4.35625	0.2431285258091675
-4.355	0.2438001632599607
-4.35375	0.2444718007107545
-4.3525	0.245143438161548
-4.35125	0.2458150756123415
-4.35	0.2461508943377388
-4.34875	0.2474941692393252
-4.3475	0.2485016254155155
-4.34625	0.2474941692393257
-4.345	0.2458150756123415
-4.34375	0.2448076194361513
-4.3425	0.2431285258091675
-4.34125	0.2414494321821836
-4.34	0.2411136134567871
-4.33875	0.2421210696329773
-4.3375	0.2431285258091671
-4.33625	0.2434643445345643
-4.335	0.243800163259961
-4.33375	0.2444718007107545
-4.3325	0.2451434381615483
-4.33125	0.2458150756123415
-4.33	0.2461508943377382
-4.32875	0.2474941692393246
-4.3275	0.2485016254155148
-4.32625	0.2471583505139285
-4.325	0.2458150756123415
-4.32375	0.2448076194361517
-4.3225	0.2434643445345643
-4.32125	0.2414494321821838
-4.32	0.2411136134567871
-4.31875	0.2421210696329776
-4.3175	0.2427927070837708
-4.31625	0.2431285258091675
-4.315	0.2438001632599607
-4.31375	0.2444718007107545
-4.3125	0.245143438161548
-4.31125	0.2458150756123415
-4.31	0.2461508943377388
-4.30875	0.2474941692393252
-4.3075	0.2485016254155155
-4.30625	0.2478299879647223
-4.305	0.246486713063135
-4.30375	0.2454792568869447
-4.3025	0.2434643445345643
-4.30125	0.2414494321821835
-4.3	0.2407777947313903
-4.29875	0.2414494321821838
-4.2975	0.242121069632977
-4.29625	0.2424568883583742
-4.295	0.2427927070837708
-4.29375	0.243800163259961
-4.2925	0.2444718007107542
-4.29125	0.2454792568869447
-4.29	0.2461508943377382
-4.28875	0.2474941692393252
-4.2875	0.2485016254155152
-4.28625	0.247829987964722
-4.285	0.2458150756123415
-4.28375	0.2448076194361517
-4.2825	0.2434643445345643
-4.28125	0.2414494321821838
-4.28	0.2411136134567871
-4.27875	0.2421210696329778
-4.2775	0.2431285258091675
-4.27625	0.2434643445345643
-4.275	0.2438001632599608
-4.27375	0.2444718007107545
-4.2725	0.245143438161548
-4.27125	0.2458150756123415
-4.27	0.2458150756123421
-4.26875	0.2471583505139285
-4.2675	0.2481658066901187
-4.26625	0.247158350513929
-4.265	0.2458150756123409
-4.26375	0.2444718007107545
-4.2625	0.2431285258091675
-4.26125	0.2414494321821846
-4.26	0.2411136134567871
-4.25875	0.2421210696329773
-4.2575	0.2427927070837708
-4.25625	0.2431285258091678
-4.255	0.243800163259961
-4.25375	0.2441359819853578
-4.2525	0.2444718007107543
-4.25125	0.2448076194361513
-4.25	0.2448076194361513
-4.24875	0.2444718007107545
-4.2475	0.2501807190425429
-4.24625	0.3462248745059682
-4.245	0.7166329286185775
-4.24375	1.432598451164111
-4.2425	2.311771874253115
-4.24125	2.750686948346661
-4.24	2.750686948346661
-4.23875	2.750686948346661
-4.2375	2.750686948346661
-4.23625	2.750686948346661
-4.235	2.750686948346661
-4.23375	2.750686948346661
-4.2325	2.750686948346661
-4.23125	2.750686948346661
-4.23	2.750686948346661
-4.22875	2.750686948346661
-4.2275	2.750686948346661
-4.22625	2.750686948346661
-4.225	2.750686948346661
-4.22375	2.750686948346661
-4.2225	2.750686948346661
-4.22125	2.750686948346661
-4.22	2.750686948346661
-4.21875	2.750686948346661
-4.2175	2.750686948346661
-4.21625	2.750686948346643
-4.215	2.712403613651432
-4.21375	2.014572302276996
-4.2125	1.110884112234767
-4.21125	0.4724927152551442
-4.21	0.2528672688456731
-4.20875	0.2417852509075805
-4.2075	0.2481658066901195
-4.20625	0.2498449003171024
-4.205	0.2485016254155155
-4.20375	0.2468225317885325
-4.2025	0.2448076194361499
-4.20125	0.2417852509075805
-4.2	0.2404419760059936
-4.19875	0.2407777947313902
-4.1975	0.2421210696329773
-4.19625	0.2431285258091675
-4.195	0.243800163259961
-4.19375	0.2451434381615483
-4.1925	0.2458150756123415
-4.19125	0.2471583505139285
-4.19	0.2481658066901182
-4.18875	0.2501807190424992
-4.1875	0.2528672688456731
-4.18625	0.2511881752186894
-4.185	0.2488374441409113
-4.18375	0.2468225317885317
-4.1825	0.2448076194361513
-4.18125	0.2411136134567888
-4.18	0.2394345198298033
-4.17875	0.2404419760059936
-4.1775	0.2421210696329773
-4.17625	0.243128525809168
-4.175	0.2441359819853578
-4.17375	0.245143438161548
-4.1725	0.2464867130631344
-4.17125	0.2478299879647223
-4.17	0.2485016254155155
-4.16875	0.2501807190424992
-4.1675	0.2528672688456719
-4.16625	0.2511881752186894
-4.165	0.2488374441409122
-4.16375	0.246486713063135
-4.1625	0.2444718007107528
-4.16125	0.2407777947313903
-4.16	0.2394345198298033
-4.15875	0.2404419760059931
-4.1575	0.2421210696329773
-4.15625	0.2431285258091675
-4.155	0.2441359819853578
-4.15375	0.2451434381615485
-4.1525	0.2461508943377382
-4.15125	0.247829987964722
-4.15	0.2485016254155152
-4.14875	0.2501807190424992
-4.1475	0.2528672688456731
-4.14625	0.2511881752186894
-4.145	0.2488374441409111
-4.14375	0.246486713063135
-4.1425	0.2444718007107545
-4.14125	0.240777794731392
-4.14	0.2394345198298038
-4.13875	0.2404419760059936
-4.1375	0.242456888358374
-4.13625	0.2431285258091672
-4.135	0.2441359819853578
-4.13375	0.245143438161548
-4.1325	0.246486713063135
-4.13125	0.2478299879647223
-4.13	0.2485016254155155
-4.12875	0.2501807190424992
-4.1275	0.2528672688456719
-4.12625	0.2511881752186894
-4.125	0.2491732628663089
-4.12375	0.2468225317885317
-4.1225	0.2448076194361496
-4.12125	0.2411136134567871
-4.12	0.2397703385552001
-4.11875	0.2404419760059933
-4.1175	0.242456888358374
-4.11625	0.2434643445345643
-4.115	0.2441359819853578
-4.11375	0.2451434381615485
-4.1125	0.2461508943377382
-4.11125	0.247829987964722
-4.11	0.2481658066901185
-4.10875	0.2498449003171037
-4.1075	0.2525314501202764
-4.10625	0.2511881752186894
-4.105	0.2491732628663099
-4.10375	0.2468225317885317
-4.1025	0.245143438161548
-4.10125	0.2414494321821838
-4.1	0.2397703385552004
-4.09875	0.2404419760059936
-4.0975	0.242456888358374
-4.09625	0.2434643445345638
-4.095	0.2441359819853578
-4.09375	0.2454792568869447
-4.0925	0.2461508943377382
-4.09125	0.2474941692393255
-4.09	0.2481658066901187
-4.08875	0.2498449003171024
-4.0875	0.2525314501202752
-4.08625	0.2511881752186894
-4.085	0.2491732628663089
-4.08375	0.2468225317885317
-4.0825	0.2451434381615462
-4.08125	0.2411136134567871
-4.08	0.2397703385552001
-4.07875	0.2404419760059933
-4.0775	0.2417852509075812
-4.07625	0.2431285258091675
-4.075	0.2444718007107545
-4.07375	0.2451434381615477
-4.0725	0.2458150756123415
-4.07125	0.2474941692393252
-4.07	0.2481658066901187
-4.06875	0.2498449003171037
-4.0675	0.2525314501202764
-4.06625	0.2511881752186894
-4.065	0.2495090815917065
-4.06375	0.2468225317885317
-4.0625	0.245143438161548
-4.06125	0.2414494321821838
-4.06	0.2401061572805971
-4.05875	0.2407777947313903
-4.0575	0.242456888358374
-4.05625	0.2431285258091672
-4.055	0.2441359819853578
-4.05375	0.245143438161548
-4.0525	0.2461508943377382
-4.05125	0.2474941692393254
-4.05	0.247829987964722
-4.04875	0.2495090815917057
-4.0475	0.2521956313948784
-4.04625	0.2511881752186886
-4.045	0.2495090815917057
-4.04375	0.2471583505139285
-4.0425	0.2454792568869455
-4.04125	0.2417852509075805
-4.04	0.2404419760059936
-4.03875	0.2404419760059936
-4.0375	0.2421210696329778
-4.03625	0.2431285258091675
-4.035	0.243800163259961
-4.03375	0.2451434381615474
-4.0325	0.2458150756123415
-4.03125	0.2474941692393252
-4.03	0.247829987964722
-4.02875	0.2495090815917071
-4.0275	0.2525314501202764
-4.02625	0.2511881752186894
-4.025	0.2495090815917065
-4.02375	0.2471583505139285
-4.0225	0.2454792568869447
-4.02125	0.2417852509075805
-4.02	0.240106157280597
-4.01875	0.2404419760059936
-4.0175	0.242456888358374
-4.01625	0.2431285258091672
-4.015	0.2441359819853582
-4.01375	0.245143438161548
-4.0125	0.2458150756123415
-4.01125	0.2474941692393244
-4.01	0.2481658066901187
-4.00875	0.2495090815917057
-4.0075	0.2525314501202764
-4.00625	0.2511881752186886
-4.005	0.2495090815917057
-4.00375	0.2471583505139285
-4.0025	0.2451434381615489
-4.00125	0.2414494321821838
-4	0.2397703385552001
-3.99875	0.2401061572805968
-3.9975	0.2421210696329773
-3.99625	0.2431285258091675
-3.995	0.2441359819853578
-3.99375	0.245143438161548
-3.9925	0.2461508943377382
-3.99125	0.2474941692393252
-3.99	0.2481658066901187
-3.98875	0.2498449003171024
-3.9875	0.2525314501202764
-3.98625	0.2515239939440861
-3.985	0.2495090815917057
-3.98375	0.2468225317885317
-3.9825	0.245143438161548
-3.98125	0.2411136134567871
-3.98	0.2394345198298033
-3.97875	0.2401061572805968
-3.9775	0.2421210696329773
-3.97625	0.2431285258091675
-3.975	0.2441359819853578
-3.97375	0.245143438161548
-3.9725	0.2461508943377382
-3.97125	0.2474941692393252
-3.97	0.2485016254155155
-3.96875	0.2495090815917057
-3.9675	0.2528672688456731
-3.96625	0.2515239939440861
-3.965	0.2495090815917057
-3.96375	0.2468225317885317
-3.9625	0.245143438161548
-3.96125	0.2414494321821838
-3.96	0.2394345198298033
-3.95875	0.2401061572805968
-3.9575	0.2421210696329773
-3.95625	0.2431285258091675
-3.955	0.2441359819853578
-3.95375	0.245143438161548
-3.9525	0.2458150756123415
-3.95125	0.2474941692393252
-3.95	0.2485016254155155
-3.94875	0.2498449003171024
-3.9475	0.2528672688456731
-3.94625	0.2511881752186894
-3.945	0.2491732628663089
-3.94375	0.2468225317885317
-3.9425	0.245143438161548
-3.94125	0.2411136134567871
-3.94	0.2394345198298033
-3.93875	0.2401061572805968
-3.9375	0.2421210696329773
-3.93625	0.2431285258091675
-3.935	0.243800163259961
-3.93375	0.245143438161548
-3.9325	0.2458150756123415
-3.93125	0.2474941692393252
-3.93	0.2485016254155155
-3.92875	0.2498449003171024
-3.9275	0.6494691835392286
-3.92625	2.458188838526096
-3.925	2.750686948346661
-3.92375	2.750686948346661
-3.9225	2.750686948346661
-3.92125	2.750686948346661
-3.92	2.750686948346661
-3.91875	2.750686948346661
-3.9175	2.750686948346661
-3.91625	2.750686948346661
-3.915	2.750686948346661
-3.91375	1.72946220441516
-3.9125	0.2511881752186894
-3.91125	0.247829987964722
-3.91	0.2488374441409122
-3.90875	0.2498449003171024
-3.9075	0.2528672688456731
-3.90625	0.2515239939440861
-3.905	0.2491732628663089
-3.90375	0.2468225317885317
-3.9025	0.245143438161548
-3.90125	0.2407777947313903
-3.9	0.2394345198298033
-3.89875	0.2401061572805968
-3.8975	0.242456888358374
-3.89625	0.2431285258091675
-3.895	0.243800163259961
-3.89375	0.245143438161548
-3.8925	0.2458150756123415
-3.89125	0.2474941692393252
-3.89	0.2485016254155155
-3.88875	0.2495090815917057
-3.8875	0.2525314501202764
-3.88625	0.2515239939440861
-3.885	0.2495090815917057
-3.88375	0.2468225317885317
-3.8825	0.2454792568869447
-3.88125	0.2414494321821838
-3.88	0.2394345198298033
-3.87875	0.2401061572805968
-3.8775	0.2421210696329773
-3.87625	0.2431285258091675
-3.875	0.243800163259961
-3.87375	0.245143438161548
-3.8725	0.2458150756123415
-3.87125	0.2474941692393252
-3.87	0.2485016254155155
-3.86875	0.2495090815917057
-3.8675	0.2525314501202764
-3.86625	0.2511881752186894
-3.865	0.2495090815917057
-3.86375	0.2471583505139285
-3.8625	0.2458150756123415
-3.86125	0.2417852509075805
-3.86	0.2401061572805968
-3.85875	0.2401061572805968
-3.8575	0.2411136134567871
-3.85625	0.2431285258091675
-3.855	0.243800163259961
-3.85375	0.245143438161548
-3.8525	0.2458150756123415
-3.85125	0.247829987964722
-3.85	0.2485016254155155
-3.84875	0.2495090815917057
-3.8475	0.2525314501202764
-3.84625	0.2515239939440861
-3.845	0.2498449003171024
-3.84375	0.2468225317885317
-3.8425	0.2454792568869447
-3.84125	0.2414494321821838
-3.84	0.2394345198298033
-3.83875	0.2397703385552001
-3.8375	0.2421210696329773
-3.83625	0.2431285258091675
-3.835	0.243800163259961
-3.83375	0.245143438161548
-3.8325	0.2458150756123415
-3.83125	0.2474941692393252
-3.83	0.2485016254155155
-3.82875	0.2495090815917057
-3.8275	0.2525314501202764
-3.82625	0.2515239939440861
-3.825	0.2498449003171024
-3.82375	0.2468225317885317
-3.8225	0.2454792568869447
-3.82125	0.2417852509075805
-3.82	0.2390987011044066
-3.81875	0.2397703385552001
-3.8175	0.2421210696329773
-3.81625	0.2431285258091675
-3.815	0.243800163259961
-3.81375	0.245143438161548
-3.8125	0.2458150756123415
-3.81125	0.2471583505139285
-3.81	0.247829987964722
-3.80875	0.2488374441409122
-3.8075	0.2511881752186894
-3.80625	0.2515239939440861
-3.805	0.2505165377678959
-3.80375	0.247829987964722
-3.8025	0.2461508943377382
-3.80125	0.2427927070837708
-3.8	0.2404419760059936
-3.79875	0.2411136134567871
-3.7975	0.2427927070837708
-3.79625	0.2431285258091675
-3.795	0.243800163259961
-3.79375	0.2434643445345643
-3.7925	0.2448076194361513
-3.79125	0.2471583505139285
-3.79	0.2474941692393252
-3.78875	0.2481658066901187
-3.7875	0.2505165377678959
-3.78625	0.2505165377678959
-3.785	0.2501807190424992
-3.78375	0.2468225317885317
-3.7825	0.2461508943377382
-3.78125	0.2434643445345643
-3.78	0.242456888358374
-3.77875	0.2427927070837708
-3.7775	0.243800163259961
-3.77625	0.2444718007107545
-3.775	0.2448076194361513
-3.77375	0.2454792568869447
-3.7725	0.2458150756123415
-3.77125	0.2468225317885317
-3.77	0.2471583505139285
-3.76875	0.2474941692393252
-3.7675	0.2491732628663089
-3.76625	0.2485016254155155
-3.765	0.2474941692393252
-3.76375	0.2461508943377382
-3.7625	0.2454792568869447
-3.76125	0.2431285258091675
-3.76	0.2427927070837708
-3.75875	0.2427927070837708
-3.7575	0.2441359819853578
-3.75625	0.2444718007107545
-3.755	0.2448076194361513
-3.75375	0.2454792568869447
-3.7525	0.2458150756123415
-3.75125	0.2468225317885317
-3.75	0.2471583505139285
-3.74875	0.247829987964722
-3.7475	0.2491732628663089
-3.74625	0.2485016254155155
-3.745	0.247829987964722
-3.74375	0.2461508943377382
-3.7425	0.2454792568869447
-3.74125	0.2431285258091675
-3.74	0.242456888358374
-3.73875	0.2431285258091675
-3.7375	0.2441359819853578
-3.73625	0.2444718007107545
-3.735	0.2448076194361513
-3.73375	0.2454792568869447
-3.7325	0.2458150756123415
-3.73125	0.246486713063135
-3.73	0.2468225317885317
-3.72875	0.2474941692393252
-3.7275	0.2488374441409122
-3.72625	0.2485016254155155
-3.725	0.2474941692393252
-3.72375	0.2461508943377382
-3.7225	0.2454792568869447
-3.72125	0.2431285258091675
-3.72	0.242456888358374
-3.71875	0.2427927070837708
-3.7175	0.2441359819853578
-3.71625	0.2444718007107545
-3.715	0.2448076194361513
-3.71375	0.2454792568869447
-3.7125	0.2458150756123415
-3.71125	0.2468225317885317
-3.71	0.2468225317885317
-3.70875	0.2474941692393252
-3.7075	0.2488374441409122
-3.70625	0.2481658066901187
-3.705	0.2474941692393252
-3.70375	0.2461508943377382
-3.7025	0.2454792568869447
-3.70125	0.2434643445345643
-3.7	0.2427927070837708
-3.69875	0.2427927070837708
-3.6975	0.2441359819853578
-3.69625	0.2444718007107545
-3.695	0.2448076194361513
-3.69375	0.2454792568869447
-3.6925	0.3401801374488267
-3.69125	2.395726555602301
-3.69	2.750686948346661
-3.68875	2.750686948346661
-3.6875	2.750686948346661
-3.68625	2.750686948346661
-3.685	2.750686948346661
-3.68375	2.750686948346661
-3.6825	1.594463076805668
-3.68125	0.2431285258091675
-3.68	0.242456888358374
-3.67875	0.2427927070837708
-3.6775	0.2441359819853578
-3.67625	0.2444718007107545
-3.675	0.2448076194361513
-3.67375	0.2454792568869447
-3.6725	0.2458150756123415
-3.67125	0.2468225317885317
-3.67	0.2468225317885317
-3.66875	0.2474941692393252
-3.6675	0.2488374441409122
-3.66625	0.2485016254155155
-3.665	0.2474941692393252
-3.66375	0.2461508943377382
-3.6625	0.2454792568869447
-3.66125	0.2431285258091675
-3.66	0.2427927070837708
-3.65875	0.2427927070837708
-3.6575	0.2441359819853578
-3.65625	0.2444718007107545
-3.655	0.2448076194361513
-3.65375	0.2454792568869447
-3.6525	0.2458150756123415
-3.65125	0.246486713063135
-3.65	0.2468225317885317
-3.64875	0.2474941692393252
-3.6475	0.2488374441409122
-3.64625	0.2485016254155155
-3.645	0.2474941692393252
-3.64375	0.2461508943377382
-3.6425	0.2454792568869447
-3.64125	0.2434643445345643
-3.64	0.2427927070837708
-3.63875	0.2431285258091675
-3.6375	0.2441359819853578
-3.63625	0.2444718007107545
-3.635	0.2448076194361513
-3.63375	0.2454792568869447
-3.6325	0.2458150756123415
-3.63125	0.246486713063135
-3.63	0.2468225317885317
-3.62875	0.2474941692393252
-3.6275	0.2488374441409122
-3.62625	0.2485016254155155
-3.625	0.2474941692393252
-3.62375	0.2461508943377382
-3.6225	0.2454792568869447
-3.62125	0.2431285258091675
-3.62	0.2427927070837708
-3.61875	0.2431285258091675
-3.6175	0.2441359819853578
-3.61625	0.2444718007107545
-3.615	0.2448076194361513
-3.61375	0.2454792568869447
-3.6125	0.2458150756123415
-3.61125	0.246486713063135
-3.61	0.2468225317885317
-3.60875	0.2474941692393252
-3.6075	0.2488374441409122
-3.60625	0.2481658066901187
-3.605	0.2474941692393252
-3.60375	0.2461508943377382
-3.6025	0.2454792568869447
-3.60125	0.2434643445345643
-3.6	0.2427927070837708
-3.59875	0.2427927070837708
-3.5975	0.2441359819853578
-3.59625	0.2444718007107545
-3.595	0.2448076194361513
-3.59375	0.2454792568869447
-3.5925	0.2458150756123415
-3.59125	0.246486713063135
-3.59	0.2468225317885317
-3.58875	0.2471583505139285
-3.5875	0.2485016254155155
-3.58625	0.2485016254155155
-3.585	0.2474941692393252
-3.58375	0.2461508943377382
-3.5825	0.2454792568869447
-3.58125	0.2434643445345643
-3.58	0.2427927070837708
-3.57875	0.2427927070837708
-3.5775	0.2441359819853578
-3.57625	0.2444718007107545
-3.575	0.2448076194361513
-3.57375	0.2454792568869447
-3.5725	0.2458150756123415
-3.57125	0.2468225317885317
-3.57	0.2468225317885317
-3.56875	0.2471583505139285
-3.5675	0.2485016254155155
-3.56625	0.2481658066901187
-3.565	0.2474941692393252
-3.56375	0.2461508943377382
-3.5625	0.2454792568869447
-3.56125	0.2434643445345643
-3.56	0.2427927070837708
-3.55875	0.2431285258091675
-3.5575	0.2441359819853578
-3.55625	0.2444718007107545
-3.555	0.2448076194361513
-3.55375	0.2454792568869447
-3.5525	0.2458150756123415
-3.55125	0.246486713063135
-3.55	0.2468225317885317
-3.54875	0.2471583505139285
-3.5475	0.2485016254155155
-3.54625	0.2481658066901187
-3.545	0.2474941692393252
-3.54375	0.2461508943377382
-3.5425	0.2454792568869447
-3.54125	0.2434643445345643
-3.54	0.2427927070837708
-3.53875	0.2427927070837708
-3.5375	0.2441359819853578
-3.53625	0.2444718007107545
-3.535	0.2448076194361513
-3.53375	0.2454792568869447
-3.5325	0.2458150756123415
-3.53125	0.246486713063135
-3.53	0.2468225317885317
-3.52875	0.2471583505139285
-3.5275	0.2485016254155155
-3.52625	0.2481658066901187
-3.525	0.2474941692393252
-3.52375	0.2461508943377382
-3.5225	0.2454792568869447
-3.52125	0.2434643445345643
-3.52	0.2427927070837708
-3.51875	0.2427927070837708
-3.5175	0.243800163259961
-3.51625	0.2444718007107545
-3.515	0.2448076194361513
-3.51375	0.245143438161548
-3.5125	0.2454792568869447
-3.51125	0.2864491413853476
-3.51	2.308077868273751
-3.50875	2.750686948346661
-3.5075	2.750686948346661
-3.50625	2.750686948346661
-3.505	2.750686948346661
-3.50375	2.750686948346661
-3.5025	1.266032363367652
-3.50125	0.2434643445345643
-3.5	0.242456888358374
-3.49875	0.2427927070837708
-3.4975	0.243800163259961
-3.49625	0.2441359819853578
-3.495	0.2444718007107545
-3.49375	0.245143438161548
-3.4925	0.2454792568869447
-3.49125	0.2461508943377382
-3.49	0.246486713063135
-3.48875	0.2468225317885317
-3.4875	0.2481658066901187
-3.48625	0.2481658066901187
-3.485	0.2471583505139285
-3.48375	0.2458150756123415
-3.4825	0.245143438161548
-3.48125	0.2434643445345643
-3.48	0.2427927070837708
-3.47875	0.2427927070837708
-3.4775	0.243800163259961
-3.47625	0.2444718007107545
-3.475	0.2444718007107545
-3.47375	0.245143438161548
-3.4725	0.2454792568869447
-3.47125	0.2461508943377382
-3.47	0.246486713063135
-3.46875	0.2468225317885317
-3.4675	0.2481658066901187
-3.46625	0.2481658066901187
-3.465	0.2474941692393252
-3.46375	0.2458150756123415
-3.4625	0.2454792568869447
-3.46125	0.2434643445345643
-3.46	0.2427927070837708
-3.45875	0.2427927070837708
-3.4575	0.243800163259961
-3.45625	0.2444718007107545
-3.455	0.2444718007107545
-3.45375	0.245143438161548
-3.4525	0.2454792568869447
-3.45125	0.2461508943377382
-3.45	0.246486713063135
-3.44875	0.2468225317885317
-3.4475	0.2481658066901187
-3.44625	0.247829987964722
-3.445	0.2474941692393252
-3.44375	0.2458150756123415
-3.4425	0.2454792568869447
-3.44125	0.2434643445345643
-3.44	0.2427927070837708
-3.43875	0.2427927070837708
-3.4375	0.243800163259961
-3.43625	0.2441359819853578
-3.435	0.2444718007107545
-3.43375	0.245143438161548
-3.4325	0.2454792568869447
-3.43125	0.2461508943377382
-3.43	0.246486713063135
-3.42875	0.2468225317885317
-3.4275	0.2481658066901187
-3.42625	0.2481658066901187
-3.425	0.2474941692393252
-3.42375	0.2461508943377382
-3.4225	0.2454792568869447
-3.42125	0.2434643445345643
-3.42	0.2427927070837708
-3.41875	0.2427927070837708
-3.4175	0.243800163259961
-3.41625	0.2444718007107545
-3.415	0.2444718007107545
-3.41375	0.245143438161548
-3.4125	0.2454792568869447
-3.41125	0.2461508943377382
-3.41	0.246486713063135
-3.40875	0.2468225317885317
-3.4075	0.2481658066901187
-3.40625	0.2481658066901187
-3.405	0.2474941692393252
-3.40375	0.2461508943377382
-3.4025	0.2454792568869447
-3.40125	0.2434643445345643
-3.4	0.2427927070837708
-3.39875	0.2427927070837708
-3.3975	0.243800163259961
-3.39625	0.2444718007107545
-3.395	0.2444718007107545
-3.39375	0.2508523564932927
-3.3925	2.287928744749946
-3.39125	2.750686948346661
-3.39	2.750686948346661
-3.38875	2.750686948346661
-3.3875	2.750686948346661
-3.38625	2.078377860102377
-3.385	0.2471583505139285
-3.38375	0.2458150756123415
-3.3825	0.2454792568869447
-3.38125	0.2434643445345643
-3.38	0.2427927070837708
-3.37875	0.2427927070837708
-3.3775	0.243800163259961
-3.37625	0.2441359819853578
-3.375	0.2444718007107545
-3.37375	0.2448076194361513
-3.3725	0.245143438161548
-3.37125	0.2461508943377382
-3.37	0.246486713063135
-3.36875	0.2468225317885317
-3.3675	0.247829987964722
-3.36625	0.247829987964722
-3.365	0.2471583505139285
-3.36375	0.2458150756123415
-3.3625	0.2454792568869447
-3.36125	0.2434643445345643
-3.36	0.2427927070837708
-3.35875	0.2427927070837708
-3.3575	0.243800163259961
-3.35625	0.2441359819853578
-3.355	0.2444718007107545
-3.35375	0.2448076194361513
-3.3525	0.245143438161548
-3.35125	0.2458150756123415
-3.35	0.2461508943377382
-3.34875	0.246486713063135
-3.3475	0.247829987964722
-3.34625	0.247829987964722
-3.345	0.2471583505139285
-3.34375	0.2458150756123415
-3.3425	0.2454792568869447
-3.34125	0.2434643445345643
-3.34	0.242456888358374
-3.33875	0.242456888358374
-3.3375	0.2434643445345643
-3.33625	0.2441359819853578
-3.335	0.2444718007107545
-3.33375	0.2448076194361513
-3.3325	0.245143438161548
-3.33125	0.2458150756123415
-3.33	0.246486713063135
-3.32875	0.246486713063135
-3.3275	0.247829987964722
-3.32625	0.247829987964722
-3.325	0.2471583505139285
-3.32375	0.2458150756123415
-3.3225	0.2454792568869447
-3.32125	0.2434643445345643
-3.32	0.2427927070837708
-3.31875	0.2427927070837708
-3.3175	0.243800163259961
-3.31625	0.2441359819853578
-3.315	0.2444718007107545
-3.31375	0.2448076194361513
-3.3125	0.245143438161548
-3.31125	0.2458150756123415
-3.31	0.2461508943377382
-3.30875	0.246486713063135
-3.3075	0.247829987964722
-3.30625	0.2454792568869447
-3.305	0.2505165377678959
-3.30375	0.2448076194361513
-3.3025	0.2448076194361513
-3.30125	0.242456888358374
-3.3	0.2434643445345643
-3.29875	0.242456888358374
-3.2975	0.243800163259961
-3.29625	0.243800163259961
-3.295	0.2444718007107545
-3.29375	0.2448076194361513
-3.2925	0.2448076194361513
-3.29125	0.2454792568869447
-3.29	0.246486713063135
-3.28875	0.2468225317885317
-3.2875	0.2481658066901187
-3.28625	0.247829987964722
-3.285	0.2471583505139285
-3.28375	0.2461508943377382
-3.2825	0.2448076194361513
-3.28125	0.2434643445345643
-3.28	0.2431285258091675
-3.27875	0.2427927070837708
-3.2775	0.2434643445345643
-3.27625	0.2441359819853578
-3.275	0.2441359819853578
-3.27375	0.2448076194361513
-3.2725	0.2454792568869447
-3.27125	0.2458150756123415
-3.27	0.2461508943377382
-3.26875	0.2461508943377382
-3.2675	0.2474941692393252
-3.26625	0.247829987964722
-3.265	0.2474941692393252
-3.26375	0.2461508943377382
-3.2625	0.2454792568869447
-3.26125	0.2434643445345643
-3.26	0.2427927070837708
-3.25875	0.242456888358374
-3.2575	0.2434643445345643
-3.25625	0.2441359819853578
-3.255	0.2448076194361513
-3.25375	0.2444718007107545
-3.2525	0.245143438161548
-3.25125	0.2458150756123415
-3.25	0.2461508943377382
-3.24875	0.246486713063135
-3.2475	0.247829987964722
-3.24625	0.247829987964722
-3.245	0.2471583505139285
-3.24375	0.2461508943377382
-3.2425	0.2448076194361513
-3.24125	0.243800163259961
-3.24	0.242456888358374
-3.23875	0.242456888358374
-3.2375	0.2434643445345643
-3.23625	0.243800163259961
-3.235	0.2441359819853578
-3.23375	0.2448076194361513
-3.2325	0.245143438161548
-3.23125	0.2458150756123415
-3.23	0.246486713063135
-3.22875	0.246486713063135
-3.2275	0.2474941692393252
-3.22625	0.247829987964722
-3.225	0.2471583505139285
-3.22375	0.2458150756123415
-3.2225	0.245143438161548
-3.22125	0.243800163259961
-3.22	0.2431285258091675
-3.21875	0.2427927070837708
-3.2175	0.2434643445345643
-3.21625	0.243800163259961
-3.215	0.2441359819853578
-3.21375	0.2448076194361513
-3.2125	0.245143438161548
-3.21125	0.2458150756123415
-3.21	0.2461508943377382
-3.20875	0.246486713063135
-3.2075	0.247829987964722
-3.20625	0.247829987964722
-3.205	0.2471583505139285
-3.20375	0.2461508943377382
-3.2025	0.245143438161548
-3.20125	0.243800163259961
-3.2	0.2427927070837708
-3.19875	0.2427927070837708
-3.1975	0.2434643445345643
-3.19625	0.2441359819853578
-3.195	0.2444718007107545
-3.19375	0.245143438161548
-3.1925	0.245143438161548
-3.19125	0.2454792568869447
-3.19	0.246486713063135
-3.18875	0.246486713063135
-3.1875	0.247829987964722
-3.18625	0.247829987964722
-3.185	0.2471583505139285
-3.18375	0.2461508943377382
-3.1825	0.245143438161548
-3.18125	0.243800163259961
-3.18	0.2427927070837708
-3.17875	0.2427927070837708
-3.1775	0.2434643445345643
-3.17625	0.2441359819853578
-3.175	0.2444718007107545
-3.17375	0.2448076194361513
-3.1725	0.2454792568869447
-3.17125	0.2458150756123415
-3.17	0.2461508943377382
-3.16875	0.246486713063135
-3.1675	0.2474941692393252
-3.16625	0.2481658066901187
-3.165	0.2471583505139285
-3.16375	0.2461508943377382
-3.1625	0.2454792568869447
-3.16125	0.243800163259961
-3.16	0.2427927070837708
-3.15875	0.2427927070837708
-3.1575	0.243800163259961
-3.15625	0.2441359819853578
-3.155	0.2441359819853578
-3.15375	0.2448076194361513
-3.1525	0.2454792568869447
-3.15125	0.2458150756123415
-3.15	0.2461508943377382
-3.14875	0.246486713063135
-3.1475	0.2474941692393252
-3.14625	0.247829987964722
-3.145	0.2474941692393252
-3.14375	0.2461508943377382
-3.1425	0.245143438161548
-3.14125	0.243800163259961
-3.14	0.2427927070837708
-3.13875	0.2427927070837708
-3.1375	0.2434643445345643
-3.13625	0.2441359819853578
-3.135	0.2444718007107545
-3.13375	0.2448076194361513
-3.1325	0.245143438161548
-3.13125	0.2458150756123415
-3.13	0.2461508943377382
-3.12875	0.246486713063135
-3.1275	0.2474941692393252
-3.12625	0.2481658066901187
-3.125	0.2474941692393252
-3.12375	0.2458150756123415
-3.1225	0.245143438161548
-3.12125	0.243800163259961
-3.12	0.2427927070837708
-3.11875	0.242456888358374
-3.1175	0.243800163259961
-3.11625	0.2441359819853578
-3.115	0.2441359819853578
-3.11375	0.2448076194361513
-3.1125	0.245143438161548
-3.11125	0.2458150756123415
-3.11	0.2461508943377382
-3.10875	0.246486713063135
-3.1075	0.2474941692393252
-3.10625	0.247829987964722
-3.105	0.2471583505139285
-3.10375	0.2458150756123415
-3.1025	0.2454792568869447
-3.10125	0.2441359819853578
-3.1	0.2427927070837708
-3.09875	0.242456888358374
-3.0975	0.243800163259961
-3.09625	0.2441359819853578
-3.095	0.2444718007107545
-3.09375	0.2448076194361513
-3.0925	0.245143438161548
-3.09125	0.2458150756123415
-3.09	0.2461508943377382
-3.08875	0.2461508943377382
-3.0875	0.2474941692393252
-3.08625	0.2481658066901187
-3.085	0.2471583505139285
-3.08375	0.2461508943377382
-3.0825	0.2454792568869447
-3.08125	0.2441359819853578
-3.08	0.2427927070837708
-3.07875	0.242456888358374
-3.0775	0.243800163259961
-3.07625	0.2441359819853578
-3.075	0.2444718007107545
-3.07375	0.2448076194361513
-3.0725	0.245143438161548
-3.07125	0.2458150756123415
-3.07	0.2461508943377382
-3.06875	0.246486713063135
-3.0675	0.2474941692393252
-3.06625	0.247829987964722
-3.065	0.2471583505139285
-3.06375	0.2461508943377382
-3.0625	0.245143438161548
-3.06125	0.2441359819853578
-3.06	0.2427927070837708
-3.05875	0.2427927070837708
-3.0575	0.243800163259961
-3.05625	0.2441359819853578
-3.055	0.2444718007107545
-3.05375	0.2448076194361513
-3.0525	0.2454792568869447
-3.05125	0.2458150756123415
-3.05	0.2461508943377382
-3.04875	0.246486713063135
-3.0475	0.2474941692393252
-3.04625	0.2481658066901187
-3.045	0.2474941692393252
-3.04375	0.2461508943377382
-3.0425	0.2454792568869447
-3.04125	0.243800163259961
-3.04	0.2427927070837708
-3.03875	0.2427927070837708
-3.0375	0.243800163259961
-3.03625	0.2441359819853578
-3.035	0.2441359819853578
-3.03375	0.2448076194361513
-3.0325	0.245143438161548
-3.03125	0.2458150756123415
-3.03	0.2461508943377382
-3.02875	0.246486713063135
-3.0275	0.2474941692393252
-3.02625	0.2481658066901187
-3.025	0.2471583505139285
-3.02375	0.2461508943377382
-3.0225	0.2454792568869447
-3.02125	0.2441359819853578
-3.02	0.2427927070837708
-3.01875	0.2427927070837708
-3.0175	0.243800163259961
-3.01625	0.2441359819853578
-3.015	0.2444718007107545
-3.01375	0.2448076194361513
-3.0125	0.245143438161548
-3.01125	0.2454792568869447
-3.01	0.2461508943377382
-3.00875	0.246486713063135
-3.0075	0.2474941692393252
-3.00625	0.2481658066901187
-3.005	0.2471583505139285
-3.00375	0.2461508943377382
-3.0025	0.2454792568869447
-3.00125	0.2441359819853578
-3	0.2427927070837708
-2.99875	0.2427927070837708
-2.9975	0.2434643445345643
-2.99625	0.2441359819853578
-2.995	0.2444718007107545
-2.99375	0.2448076194361513
-2.9925	0.245143438161548
-2.99125	0.2454792568869447
-2.99	0.2461508943377382
-2.98875	0.246486713063135
-2.9875	0.2474941692393252
-2.98625	0.2481658066901187
-2.985	0.2471583505139285
-2.98375	0.2461508943377382
-2.9825	0.2454792568869447
-2.98125	0.2441359819853578
-2.98	0.2427927070837708
-2.97875	0.2431285258091675
-2.9775	0.243800163259961
-2.97625	0.2441359819853578
-2.975	0.2444718007107545
-2.97375	0.2444718007107545
-2.9725	0.245143438161548
-2.97125	0.2454792568869447
-2.97	0.2461508943377382
-2.96875	0.246486713063135
-2.9675	0.2474941692393252
-2.96625	0.2481658066901187
-2.965	0.2471583505139285
-2.96375	0.2461508943377382
-2.9625	0.245143438161548
-2.96125	0.2444718007107545
-2.96	0.2427927070837708
-2.95875	0.2427927070837708
-2.9575	0.2434643445345643
-2.95625	0.2441359819853578
-2.955	0.2441359819853578
-2.95375	0.2448076194361513
-2.9525	0.245143438161548
-2.95125	0.2458150756123415
-2.95	0.2461508943377382
-2.94875	0.246486713063135
-2.9475	0.2474941692393252
-2.94625	0.2481658066901187
-2.945	0.2471583505139285
-2.94375	0.2461508943377382
-2.9425	0.2454792568869447
-2.94125	0.2441359819853578
-2.94	0.2427927070837708
-2.93875	0.2427927070837708
-2.9375	0.2434643445345643
-2.93625	0.2441359819853578
-2.935	0.2444718007107545
-2.93375	0.2448076194361513
-2.9325	0.245143438161548
-2.93125	0.2454792568869447
-2.93	0.2461508943377382
-2.92875	0.246486713063135
-2.9275	0.2474941692393252
-2.92625	0.2481658066901187
-2.925	0.2471583505139285
-2.92375	0.2461508943377382
-2.9225	0.2454792568869447
-2.92125	0.2441359819853578
-2.92	0.2431285258091675
-2.91875	0.242456888358374
-2.9175	0.2434643445345643
-2.91625	0.2441359819853578
-2.915	0.2444718007107545
-2.91375	0.2444718007107545
-2.9125	0.245143438161548
-2.91125	0.2458150756123415
-2.91	0.2461508943377382
-2.90875	0.2461508943377382
-2.9075	0.2471583505139285
-2.90625	0.2481658066901187
-2.905	0.2471583505139285
-2.90375	0.2461508943377382
-2.9025	0.2454792568869447
-2.90125	0.2441359819853578
-2.9	0.2427927070837708
-2.89875	0.2427927070837708
-2.8975	0.2434643445345643
-2.89625	0.2441359819853578
-2.895	0.2444718007107545
-2.89375	0.2448076194361513
-2.8925	0.245143438161548
-2.89125	0.2458150756123415
-2.89	0.2461508943377382
-2.88875	0.2461508943377382
-2.8875	0.2474941692393252
-2.88625	0.2481658066901187
-2.885	0.2471583505139285
-2.88375	0.2461508943377382
-2.8825	0.245143438161548
-2.88125	0.2441359819853578
-2.88	0.2427927070837708
-2.87875	0.242456888358374
-2.8775	0.2434643445345643
-2.87625	0.2441359819853578
-2.875	0.2444718007107545
-2.87375	0.2448076194361513
-2.8725	0.245143438161548
-2.87125	0.2454792568869447
-2.87	0.2461508943377382
-2.86875	0.2461508943377382
-2.8675	0.2471583505139285
-2.86625	0.2481658066901187
-2.865	0.2471583505139285
-2.86375	0.2461508943377382
-2.8625	0.245143438161548
-2.86125	0.2441359819853578
-2.86	0.2427927070837708
-2.85875	0.2427927070837708
-2.8575	0.2434643445345643
-2.85625	0.2441359819853578
-2.855	0.2444718007107545
-2.85375	0.2448076194361513
-2.8525	0.245143438161548
-2.85125	0.2454792568869447
-2.85	0.2458150756123415
-2.84875	0.2461508943377382
-2.8475	0.2471583505139285
-2.84625	0.2481658066901187
-2.845	0.2471583505139285
-2.84375	0.2461508943377382
-2.8425	0.2454792568869447
-2.84125	0.2444718007107545
-2.84	0.2427927070837708
-2.83875	0.242456888358374
-2.8375	0.2431285258091675
-2.83625	0.243800163259961
-2.835	0.2441359819853578
-2.83375	0.2448076194361513
-2.8325	0.245143438161548
-2.83125	0.2454792568869447
-2.83	0.2461508943377382
-2.82875	0.246486713063135
-2.8275	0.2471583505139285
-2.82625	0.2481658066901187
-2.825	0.2471583505139285
-2.82375	0.2461508943377382
-2.8225	0.245143438161548
-2.82125	0.2444718007107545
-2.82	0.2427927070837708
-2.81875	0.242456888358374
-2.8175	0.2434643445345643
-2.81625	0.243800163259961
-2.815	0.2441359819853578
-2.81375	0.2448076194361513
-2.8125	0.2448076194361513
-2.81125	0.2454792568869447
-2.81	0.2461508943377382
-2.80875	0.2461508943377382
-2.8075	0.2471583505139285
-2.80625	0.247829987964722
-2.805	0.2471583505139285
-2.80375	0.2461508943377382
-2.8025	0.2454792568869447
-2.80125	0.2444718007107545
-2.8	0.2427927070837708
-2.79875	0.242456888358374
-2.7975	0.2434643445345643
-2.79625	0.2441359819853578
-2.795	0.2441359819853578
-2.79375	0.2448076194361513
-2.7925	0.245143438161548
-2.79125	0.2454792568869447
-2.79	0.2461508943377382
-2.78875	0.2461508943377382
-2.7875	0.2471583505139285
-2.78625	0.247829987964722
-2.785	0.2471583505139285
-2.78375	0.2461508943377382
-2.7825	0.245143438161548
-2.78125	0.2444718007107545
-2.78	0.2427927070837708
-2.77875	0.2427927070837708
-2.7775	0.2434643445345643
-2.77625	0.243800163259961
-2.775	0.2441359819853578
-2.77375	0.2444718007107545
-2.7725	0.245143438161548
-2.77125	0.2454792568869447
-2.77	0.2461508943377382
-2.76875	0.246486713063135
-2.7675	0.2471583505139285
-2.76625	0.2481658066901187
-2.765	0.2471583505139285
-2.76375	0.2461508943377382
-2.7625	0.245143438161548
-2.76125	0.2444718007107545
-2.76	0.2431285258091675
-2.75875	0.242456888358374
-2.7575	0.2431285258091675
-2.75625	0.243800163259961
-2.755	0.2441359819853578
-2.75375	0.2444718007107545
-2.7525	0.245143438161548
-2.75125	0.2454792568869447
-2.75	0.2461508943377382
-2.74875	0.2461508943377382
-2.7475	0.2471583505139285
-2.74625	0.2481658066901187
-2.745	0.2471583505139285
-2.74375	0.2461508943377382
-2.7425	0.245143438161548
-2.74125	0.2448076194361513
-2.74	0.2431285258091675
-2.73875	0.2427927070837708
-2.7375	0.2431285258091675
-2.73625	0.2441359819853578
-2.735	0.2441359819853578
-2.73375	0.2444718007107545
-2.7325	0.2448076194361513
-2.73125	0.2454792568869447
-2.73	0.2461508943377382
-2.72875	0.2461508943377382
-2.7275	0.2468225317885317
-2.72625	0.247829987964722
-2.725	0.2468225317885317
-2.72375	0.2461508943377382
-2.7225	0.2454792568869447
-2.72125	0.2444718007107545
-2.72	0.2427927070837708
-2.71875	0.242456888358374
-2.7175	0.2431285258091675
-2.71625	0.243800163259961
-2.715	0.2441359819853578
-2.71375	0.2444718007107545
-2.7125	0.245143438161548
-2.71125	0.245143438161548
-2.71	0.2461508943377382
-2.70875	0.2461508943377382
-2.7075	0.2468225317885317
-2.70625	0.2481658066901187
-2.705	0.2474941692393252
-2.70375	0.2461508943377382
-2.7025	0.2454792568869447
-2.70125	0.2444718007107545
-2.7	0.2427927070837708
-2.69875	0.242456888358374
-2.6975	0.2431285258091675
-2.69625	0.243800163259961
-2.695	0.2441359819853578
-2.69375	0.2444718007107545
-2.6925	0.245143438161548
-2.69125	0.245143438161548
-2.69	0.2461508943377382
-2.68875	0.2461508943377382
-2.6875	0.2468225317885317
-2.68625	0.2481658066901187
-2.685	0.2471583505139285
-2.68375	0.2461508943377382
-2.6825	0.245143438161548
-2.68125	0.2444718007107545
-2.68	0.2427927070837708
-2.67875	0.242456888358374
-2.6775	0.2431285258091675
-2.67625	0.243800163259961
-2.675	0.2441359819853578
-2.67375	0.2444718007107545
-2.6725	0.245143438161548
-2.67125	0.2454792568869447
-2.67	0.2461508943377382
-2.66875	0.2461508943377382
-2.6675	0.2468225317885317
-2.66625	0.247829987964722
-2.665	0.2471583505139285
-2.66375	0.2461508943377382
-2.6625	0.2454792568869447
-2.66125	0.2444718007107545
-2.66	0.2427927070837708
-2.65875	0.242456888358374
-2.6575	0.2431285258091675
-2.65625	0.243800163259961
-2.655	0.2441359819853578
-2.65375	0.2444718007107545
-2.6525	0.2448076194361513
-2.65125	0.245143438161548
-2.65	0.2458150756123415
-2.64875	0.2461508943377382
-2.6475	0.2468225317885317
-2.64625	0.2481658066901187
-2.645	0.2471583505139285
-2.64375	0.2461508943377382
-2.6425	0.245143438161548
-2.64125	0.2444718007107545
-2.64	0.2427927070837708
-2.63875	0.242456888358374
-2.6375	0.2431285258091675
-2.63625	0.243800163259961
-2.635	0.2441359819853578
-2.63375	0.2444718007107545
-2.6325	0.2448076194361513
-2.63125	0.2454792568869447
-2.63	0.2461508943377382
-2.62875	0.2461508943377382
-2.6275	0.2468225317885317
-2.62625	0.2481658066901187
-2.625	0.2471583505139285
-2.62375	0.2461508943377382
-2.6225	0.2454792568869447
-2.62125	0.2448076194361513
-2.62	0.2427927070837708
-2.61875	0.2427927070837708
-2.6175	0.2431285258091675
-2.61625	0.2441359819853578
-2.615	0.2441359819853578
-2.61375	0.2444718007107545
-2.6125	0.2448076194361513
-2.61125	0.245143438161548
-2.61	0.2461508943377382
-2.60875	0.2461508943377382
-2.6075	0.2468225317885317
-2.60625	0.2481658066901187
-2.605	0.2471583505139285
-2.60375	0.246486713063135
-2.6025	0.245143438161548
-2.60125	0.2448076194361513
-2.6	0.2427927070837708
-2.59875	0.242456888358374
-2.5975	0.2431285258091675
-2.59625	0.243800163259961
-2.595	0.2441359819853578
-2.59375	0.2444718007107545
-2.5925	0.245143438161548
-2.59125	0.245143438161548
-2.59	0.2458150756123415
-2.58875	0.2461508943377382
-2.5875	0.2468225317885317
-2.58625	0.2481658066901187
-2.585	0.2471583505139285
-2.58375	0.246486713063135
-2.5825	0.2454792568869447
-2.58125	0.2444718007107545
-2.58	0.2427927070837708
-2.57875	0.242456888358374
-2.5775	0.2431285258091675
-2.57625	0.243800163259961
-2.575	0.2441359819853578
-2.57375	0.2444718007107545
-2.5725	0.245143438161548
-2.57125	0.245143438161548
-2.57	0.2458150756123415
-2.56875	0.2461508943377382
-2.5675	0.2468225317885317
-2.56625	0.2481658066901187
-2.565	0.2471583505139285
-2.56375	0.246486713063135
-2.5625	0.2454792568869447
-2.56125	0.2448076194361513
-2.56	0.2431285258091675
-2.55875	0.2427927070837708
-2.5575	0.2431285258091675
-2.55625	0.243800163259961
-2.555	0.2441359819853577
-2.55375	0.2444718007107545
-2.5525	0.2451434381615478
-2.55125	0.2454792568869447
-2.55	0.2461508943377382
-2.54875	0.2461508943377382
-2.5475	0.2468225317885317
-2.54625	0.2481658066901187
-2.545	0.2474941692393252
-2.54375	0.2464867130631352
-2.5425	0.2454792568869447
-2.54125	0.2448076194361509
-2.54	0.2431285258091675
-2.53875	0.2424568883583742
-2.5375	0.2431285258091675
-2.53625	0.2441359819853578
-2.535	0.2441359819853578
-2.53375	0.2444718007107545
-2.5325	0.2451434381615478
-2.53125	0.245143438161548
-2.53	0.2461508943377382
-2.52875	0.2461508943377382
-2.5275	0.2468225317885317
-2.52625	0.2481658066901187
-2.525	0.2471583505139285
-2.52375	0.2464867130631351
-2.5225	0.2454792568869447
-2.52125	0.2448076194361514
-2.52	0.2427927070837708
-2.51875	0.2427927070837709
-2.5175	0.2431285258091675
-2.51625	0.243800163259961
-2.515	0.2441359819853578
-2.51375	0.2444718007107545
-2.5125	0.2448076194361512
-2.51125	0.245143438161548
-2.51	0.2461508943377382
-2.50875	0.2461508943377382
-2.5075	0.246822531788532
-2.50625	0.2481658066901187
-2.505	0.2474941692393252
-2.50375	0.246486713063135
-2.5025	0.2454792568869447
-2.50125	0.2448076194361514
-2.5	0.2431285258091675
-2.49875	0.2424568883583741
-2.4975	0.2427927070837708
-2.49625	0.243800163259961
-2.495	0.2441359819853578
-2.49375	0.2444718007107545
-2.4925	0.2448076194361512
-2.49125	0.245143438161548
-2.49	0.2458150756123413
-2.48875	0.2461508943377382
-2.4875	0.2468225317885319
-2.48625	0.247829987964722
-2.485	0.2471583505139285
-2.48375	0.246486713063135
-2.4825	0.2454792568869447
-2.48125	0.2448076194361514
-2.48	0.2427927070837708
-2.47875	0.2427927070837708
-2.4775	0.2427927070837708
-2.47625	0.2438001632599611
-2.475	0.2441359819853578
-2.47375	0.2444718007107545
-2.4725	0.245143438161548
-2.47125	0.245143438161548
-2.47	0.2458150756123413
-2.46875	0.2461508943377382
-2.4675	0.2468225317885319
-2.46625	0.247829987964722
-2.465	0.2474941692393252
-2.46375	0.246486713063135
-2.4625	0.2454792568869447
-2.46125	0.2444718007107547
-2.46	0.2431285258091675
-2.45875	0.2424568883583742
-2.4575	0.2431285258091675
-2.45625	0.2438001632599611
-2.455	0.2441359819853578
-2.45375	0.2444718007107545
-2.4525	0.2448076194361513
-2.45125	0.245143438161548
-2.45	0.246150894337738
-2.44875	0.2461508943377382
-2.4475	0.246822531788532
-2.44625	0.2481658066901187
-2.445	0.247494169239325
-2.44375	0.246486713063135
-2.4425	0.2454792568869447
-2.44125	0.2448076194361513
-2.44	0.2431285258091675
-2.43875	0.242456888358374
-2.4375	0.2427927070837708
-2.43625	0.2441359819853578
-2.435	0.2444718007107545
-2.43375	0.2444718007107545
-2.4325	0.245143438161548
-2.43125	0.245143438161548
-2.43	0.2458150756123415
-2.42875	0.2461508943377382
-2.4275	0.2468225317885317
-2.42625	0.2481658066901187
-2.425	0.2471583505139285
-2.42375	0.246486713063135
-2.4225	0.2454792568869447
-2.42125	0.2448076194361513
-2.42	0.2431285258091675
-2.41875	0.242456888358374
-2.4175	0.2427927070837708
-2.41625	0.243800163259961
-2.415	0.2441359819853578
-2.41375	0.2444718007107545
-2.4125	0.2448076194361513
-2.41125	0.245143438161548
-2.41	0.2458150756123415
-2.40875	0.2461508943377382
-2.4075	0.2468225317885317
-2.40625	0.2481658066901187
-2.405	0.2471583505139285
-2.40375	0.2468225317885317
-2.4025	0.2454792568869447
-2.40125	0.2448076194361513
-2.4	0.2427927070837708
-2.39875	0.242456888358374
-2.3975	0.2427927070837708
-2.39625	0.243800163259961
-2.395	0.2441359819853578
-2.39375	0.2444718007107545
-2.3925	0.245143438161548
-2.39125	0.245143438161548
-2.39	0.2461508943377382
-2.38875	0.2461508943377382
-2.3875	0.2468225317885317
-2.38625	0.247829987964722
-2.385	0.2474941692393252
-2.38375	0.246486713063135
-2.3825	0.2454792568869447
-2.38125	0.2448076194361513
-2.38	0.2431285258091675
-2.37875	0.242456888358374
-2.3775	0.2427927070837708
-2.37625	0.243800163259961
-2.375	0.2441359819853578
-2.37375	0.2444718007107545
-2.3725	0.2448076194361513
-2.37125	0.245143438161548
-2.37	0.2458150756123415
-2.36875	0.2461508943377382
-2.3675	0.2468225317885317
-2.36625	0.247829987964722
-2.365	0.2474941692393252
-2.36375	0.246486713063135
-2.3625	0.2454792568869447
-2.36125	0.2448076194361513
-2.36	0.2431285258091675
-2.35875	0.242456888358374
-2.3575	0.2427927070837708
-2.35625	0.243800163259961
-2.355	0.2441359819853578
-2.35375	0.2444718007107545
-2.3525	0.2448076194361513
-2.35125	0.245143438161548
-2.35	0.2458150756123415
-2.34875	0.2461508943377382
-2.3475	0.2468225317885317
-2.34625	0.247829987964722
-2.345	0.2474941692393252
-2.34375	0.246486713063135
-2.3425	0.2454792568869447
-2.34125	0.2448076194361513
-2.34	0.2431285258091675
-2.33875	0.242456888358374
-2.3375	0.2427927070837708
-2.33625	0.243800163259961
-2.335	0.2441359819853578
-2.33375	0.2444718007107545
-2.3325	0.245143438161548
-2.33125	0.245143438161548
-2.33	0.2458150756123415
-2.32875	0.2461508943377382
-2.3275	0.2468225317885317
-2.32625	0.247829987964722
-2.325	0.2474941692393252
-2.32375	0.246486713063135
-2.3225	0.2454792568869447
-2.32125	0.2448076194361513
-2.32	0.2431285258091675
-2.31875	0.242456888358374
-2.3175	0.2427927070837708
-2.31625	0.243800163259961
-2.315	0.2441359819853578
-2.31375	0.2444718007107545
-2.3125	0.2448076194361513
-2.31125	0.245143438161548
-2.31	0.2458150756123415
-2.30875	0.2461508943377382
-2.3075	0.246486713063135
-2.30625	0.247829987964722
-2.305	0.2474941692393252
-2.30375	0.2468225317885317
-2.3025	0.2454792568869447
-2.30125	0.2448076194361513
-2.3	0.2431285258091675
-2.29875	0.242456888358374
-2.2975	0.2427927070837708
-2.29625	0.243800163259961
-2.295	0.2441359819853578
-2.29375	0.2444718007107545
-2.2925	0.2448076194361513
-2.29125	0.245143438161548
-2.29	0.2458150756123415
-2.28875	0.2461508943377382
-2.2875	0.2468225317885317
-2.28625	0.247829987964722
-2.285	0.2474941692393252
-2.28375	0.246486713063135
-2.2825	0.2454792568869447
-2.28125	0.245143438161548
-2.28	0.2431285258091675
-2.27875	0.242456888358374
-2.2775	0.2427927070837708
-2.27625	0.243800163259961
-2.275	0.2441359819853578
-2.27375	0.2444718007107545
-2.2725	0.2448076194361513
-2.27125	0.245143438161548
-2.27	0.2458150756123415
-2.26875	0.2461508943377382
-2.2675	0.2468225317885317
-2.26625	0.247829987964722
-2.265	0.2474941692393252
-2.26375	0.2468225317885317
-2.2625	0.2454792568869447
-2.26125	0.245143438161548
-2.26	0.2431285258091675
-2.25875	0.2427927070837708
-2.2575	0.2427927070837708
-2.25625	0.243800163259961
-2.255	0.2441359819853578
-2.25375	0.2444718007107545
-2.2525	0.245143438161548
